0.000000000000000000e+00,0.000000000000000000e+00,0.000000000000000000e+00,0.000000000000000000e+00,0.000000000000000000e+00,0.000000000000000000e+00,0.000000000000000000e+00,0.000000000000000000e+00,0.000000000000000000e+00,0.000000000000000000e+00,0.000000000000000000e+00,0.000000000000000000e+00,0.000000000000000000e+00,0.000000000000000000e+00,0.000000000000000000e+00,0.000000000000000000e+00,0.000000000000000000e+00,0.000000000000000000e+00,0.000000000000000000e+00,0.000000000000000000e+00,0.000000000000000000e+00,0.000000000000000000e+00,0.000000000000000000e+00,0.000000000000000000e+00,0.000000000000000000e+00,0.000000000000000000e+00,0.000000000000000000e+00,0.000000000000000000e+00,0.000000000000000000e+00,0.000000000000000000e+00,0.000000000000000000e+00,0.000000000000000000e+00,0.000000000000000000e+00,0.000000000000000000e+00,0.000000000000000000e+00,0.000000000000000000e+00,0.000000000000000000e+00,0.000000000000000000e+00,0.000000000000000000e+00,0.000000000000000000e+00,0.000000000000000000e+00,0.000000000000000000e+00,0.000000000000000000e+00,0.000000000000000000e+00,0.000000000000000000e+00,0.000000000000000000e+00,0.000000000000000000e+00,0.000000000000000000e+00,0.000000000000000000e+00,0.000000000000000000e+00,0.000000000000000000e+00,0.000000000000000000e+00,0.000000000000000000e+00,0.000000000000000000e+00,0.000000000000000000e+00,0.000000000000000000e+00,0.000000000000000000e+00,0.000000000000000000e+00,0.000000000000000000e+00,0.000000000000000000e+00,0.000000000000000000e+00,0.000000000000000000e+00,0.000000000000000000e+00,0.000000000000000000e+00,0.000000000000000000e+00,0.000000000000000000e+00,0.000000000000000000e+00,0.000000000000000000e+00,0.000000000000000000e+00,0.000000000000000000e+00,0.000000000000000000e+00,0.000000000000000000e+00,0.000000000000000000e+00,0.000000000000000000e+00,0.000000000000000000e+00,0.000000000000000000e+00,0.000000000000000000e+00,0.000000000000000000e+00,0.000000000000000000e+00,0.000000000000000000e+00,0.000000000000000000e+00,0.000000000000000000e+00,0.000000000000000000e+00,0.000000000000000000e+00,0.000000000000000000e+00,0.000000000000000000e+00,0.000000000000000000e+00,0.000000000000000000e+00,0.000000000000000000e+00,0.000000000000000000e+00,0.000000000000000000e+00,0.000000000000000000e+00,0.000000000000000000e+00,0.000000000000000000e+00,0.000000000000000000e+00,0.000000000000000000e+00,0.000000000000000000e+00,0.000000000000000000e+00,0.000000000000000000e+00,0.000000000000000000e+00,0.000000000000000000e+00
0.000000000000000000e+00,0.000000000000000000e+00,0.000000000000000000e+00,0.000000000000000000e+00,0.000000000000000000e+00,0.000000000000000000e+00,0.000000000000000000e+00,0.000000000000000000e+00,0.000000000000000000e+00,0.000000000000000000e+00,0.000000000000000000e+00,0.000000000000000000e+00,0.000000000000000000e+00,0.000000000000000000e+00,0.000000000000000000e+00,0.000000000000000000e+00,0.000000000000000000e+00,0.000000000000000000e+00,0.000000000000000000e+00,0.000000000000000000e+00,0.000000000000000000e+00,0.000000000000000000e+00,0.000000000000000000e+00,0.000000000000000000e+00,0.000000000000000000e+00,0.000000000000000000e+00,0.000000000000000000e+00,0.000000000000000000e+00,0.000000000000000000e+00,0.000000000000000000e+00,0.000000000000000000e+00,0.000000000000000000e+00,0.000000000000000000e+00,0.000000000000000000e+00,0.000000000000000000e+00,0.000000000000000000e+00,0.000000000000000000e+00,0.000000000000000000e+00,0.000000000000000000e+00,0.000000000000000000e+00,0.000000000000000000e+00,0.000000000000000000e+00,0.000000000000000000e+00,0.000000000000000000e+00,0.000000000000000000e+00,0.000000000000000000e+00,0.000000000000000000e+00,0.000000000000000000e+00,0.000000000000000000e+00,0.000000000000000000e+00,0.000000000000000000e+00,0.000000000000000000e+00,0.000000000000000000e+00,0.000000000000000000e+00,0.000000000000000000e+00,0.000000000000000000e+00,0.000000000000000000e+00,0.000000000000000000e+00,0.000000000000000000e+00,0.000000000000000000e+00,0.000000000000000000e+00,0.000000000000000000e+00,0.000000000000000000e+00,0.000000000000000000e+00,0.000000000000000000e+00,0.000000000000000000e+00,0.000000000000000000e+00,0.000000000000000000e+00,0.000000000000000000e+00,0.000000000000000000e+00,0.000000000000000000e+00,0.000000000000000000e+00,0.000000000000000000e+00,0.000000000000000000e+00,0.000000000000000000e+00,0.000000000000000000e+00,0.000000000000000000e+00,0.000000000000000000e+00,0.000000000000000000e+00,0.000000000000000000e+00,0.000000000000000000e+00,0.000000000000000000e+00,0.000000000000000000e+00,0.000000000000000000e+00,0.000000000000000000e+00,0.000000000000000000e+00,0.000000000000000000e+00,0.000000000000000000e+00,0.000000000000000000e+00,0.000000000000000000e+00,0.000000000000000000e+00,0.000000000000000000e+00,0.000000000000000000e+00,0.000000000000000000e+00,0.000000000000000000e+00,0.000000000000000000e+00,0.000000000000000000e+00,0.000000000000000000e+00,0.000000000000000000e+00,0.000000000000000000e+00,0.000000000000000000e+00
0.000000000000000000e+00,0.000000000000000000e+00,0.000000000000000000e+00,0.000000000000000000e+00,0.000000000000000000e+00,0.000000000000000000e+00,0.000000000000000000e+00,0.000000000000000000e+00,0.000000000000000000e+00,0.000000000000000000e+00,0.000000000000000000e+00,0.000000000000000000e+00,0.000000000000000000e+00,0.000000000000000000e+00,0.000000000000000000e+00,0.000000000000000000e+00,0.000000000000000000e+00,0.000000000000000000e+00,0.000000000000000000e+00,0.000000000000000000e+00,0.000000000000000000e+00,0.000000000000000000e+00,0.000000000000000000e+00,0.000000000000000000e+00,0.000000000000000000e+00,0.000000000000000000e+00,0.000000000000000000e+00,0.000000000000000000e+00,0.000000000000000000e+00,0.000000000000000000e+00,0.000000000000000000e+00,0.000000000000000000e+00,0.000000000000000000e+00,0.000000000000000000e+00,0.000000000000000000e+00,0.000000000000000000e+00,0.000000000000000000e+00,0.000000000000000000e+00,0.000000000000000000e+00,0.000000000000000000e+00,0.000000000000000000e+00,0.000000000000000000e+00,0.000000000000000000e+00,0.000000000000000000e+00,0.000000000000000000e+00,0.000000000000000000e+00,0.000000000000000000e+00,0.000000000000000000e+00,0.000000000000000000e+00,0.000000000000000000e+00,0.000000000000000000e+00,0.000000000000000000e+00,0.000000000000000000e+00,0.000000000000000000e+00,0.000000000000000000e+00,0.000000000000000000e+00,0.000000000000000000e+00,0.000000000000000000e+00,0.000000000000000000e+00,0.000000000000000000e+00,0.000000000000000000e+00,0.000000000000000000e+00,0.000000000000000000e+00,0.000000000000000000e+00,0.000000000000000000e+00,0.000000000000000000e+00,0.000000000000000000e+00,0.000000000000000000e+00,0.000000000000000000e+00,0.000000000000000000e+00,0.000000000000000000e+00,0.000000000000000000e+00,0.000000000000000000e+00,0.000000000000000000e+00,0.000000000000000000e+00,0.000000000000000000e+00,0.000000000000000000e+00,0.000000000000000000e+00,0.000000000000000000e+00,0.000000000000000000e+00,0.000000000000000000e+00,0.000000000000000000e+00,0.000000000000000000e+00,0.000000000000000000e+00,0.000000000000000000e+00,0.000000000000000000e+00,0.000000000000000000e+00,0.000000000000000000e+00,0.000000000000000000e+00,0.000000000000000000e+00,0.000000000000000000e+00,0.000000000000000000e+00,0.000000000000000000e+00,0.000000000000000000e+00,0.000000000000000000e+00,0.000000000000000000e+00,0.000000000000000000e+00,0.000000000000000000e+00,0.000000000000000000e+00,0.000000000000000000e+00,0.000000000000000000e+00
0.000000000000000000e+00,0.000000000000000000e+00,0.000000000000000000e+00,0.000000000000000000e+00,0.000000000000000000e+00,0.000000000000000000e+00,0.000000000000000000e+00,0.000000000000000000e+00,0.000000000000000000e+00,0.000000000000000000e+00,0.000000000000000000e+00,0.000000000000000000e+00,0.000000000000000000e+00,0.000000000000000000e+00,0.000000000000000000e+00,0.000000000000000000e+00,0.000000000000000000e+00,0.000000000000000000e+00,0.000000000000000000e+00,0.000000000000000000e+00,0.000000000000000000e+00,0.000000000000000000e+00,0.000000000000000000e+00,0.000000000000000000e+00,0.000000000000000000e+00,0.000000000000000000e+00,0.000000000000000000e+00,0.000000000000000000e+00,0.000000000000000000e+00,0.000000000000000000e+00,0.000000000000000000e+00,0.000000000000000000e+00,0.000000000000000000e+00,0.000000000000000000e+00,0.000000000000000000e+00,0.000000000000000000e+00,0.000000000000000000e+00,0.000000000000000000e+00,0.000000000000000000e+00,0.000000000000000000e+00,0.000000000000000000e+00,0.000000000000000000e+00,0.000000000000000000e+00,0.000000000000000000e+00,0.000000000000000000e+00,0.000000000000000000e+00,0.000000000000000000e+00,0.000000000000000000e+00,0.000000000000000000e+00,0.000000000000000000e+00,0.000000000000000000e+00,0.000000000000000000e+00,0.000000000000000000e+00,0.000000000000000000e+00,0.000000000000000000e+00,0.000000000000000000e+00,0.000000000000000000e+00,0.000000000000000000e+00,0.000000000000000000e+00,0.000000000000000000e+00,0.000000000000000000e+00,0.000000000000000000e+00,0.000000000000000000e+00,0.000000000000000000e+00,0.000000000000000000e+00,0.000000000000000000e+00,0.000000000000000000e+00,0.000000000000000000e+00,0.000000000000000000e+00,0.000000000000000000e+00,0.000000000000000000e+00,0.000000000000000000e+00,0.000000000000000000e+00,0.000000000000000000e+00,0.000000000000000000e+00,0.000000000000000000e+00,0.000000000000000000e+00,0.000000000000000000e+00,0.000000000000000000e+00,0.000000000000000000e+00,0.000000000000000000e+00,0.000000000000000000e+00,0.000000000000000000e+00,0.000000000000000000e+00,0.000000000000000000e+00,0.000000000000000000e+00,0.000000000000000000e+00,0.000000000000000000e+00,0.000000000000000000e+00,0.000000000000000000e+00,0.000000000000000000e+00,0.000000000000000000e+00,0.000000000000000000e+00,0.000000000000000000e+00,0.000000000000000000e+00,0.000000000000000000e+00,0.000000000000000000e+00,0.000000000000000000e+00,0.000000000000000000e+00,0.000000000000000000e+00,0.000000000000000000e+00
0.000000000000000000e+00,0.000000000000000000e+00,0.000000000000000000e+00,0.000000000000000000e+00,0.000000000000000000e+00,0.000000000000000000e+00,0.000000000000000000e+00,0.000000000000000000e+00,0.000000000000000000e+00,0.000000000000000000e+00,0.000000000000000000e+00,0.000000000000000000e+00,0.000000000000000000e+00,0.000000000000000000e+00,0.000000000000000000e+00,0.000000000000000000e+00,0.000000000000000000e+00,0.000000000000000000e+00,0.000000000000000000e+00,0.000000000000000000e+00,0.000000000000000000e+00,0.000000000000000000e+00,0.000000000000000000e+00,0.000000000000000000e+00,0.000000000000000000e+00,0.000000000000000000e+00,0.000000000000000000e+00,0.000000000000000000e+00,0.000000000000000000e+00,0.000000000000000000e+00,0.000000000000000000e+00,0.000000000000000000e+00,0.000000000000000000e+00,0.000000000000000000e+00,0.000000000000000000e+00,0.000000000000000000e+00,0.000000000000000000e+00,0.000000000000000000e+00,0.000000000000000000e+00,0.000000000000000000e+00,0.000000000000000000e+00,0.000000000000000000e+00,0.000000000000000000e+00,0.000000000000000000e+00,0.000000000000000000e+00,0.000000000000000000e+00,0.000000000000000000e+00,0.000000000000000000e+00,0.000000000000000000e+00,0.000000000000000000e+00,0.000000000000000000e+00,0.000000000000000000e+00,0.000000000000000000e+00,0.000000000000000000e+00,0.000000000000000000e+00,0.000000000000000000e+00,0.000000000000000000e+00,0.000000000000000000e+00,0.000000000000000000e+00,0.000000000000000000e+00,0.000000000000000000e+00,0.000000000000000000e+00,0.000000000000000000e+00,0.000000000000000000e+00,0.000000000000000000e+00,0.000000000000000000e+00,0.000000000000000000e+00,0.000000000000000000e+00,0.000000000000000000e+00,0.000000000000000000e+00,0.000000000000000000e+00,0.000000000000000000e+00,0.000000000000000000e+00,0.000000000000000000e+00,0.000000000000000000e+00,0.000000000000000000e+00,0.000000000000000000e+00,0.000000000000000000e+00,0.000000000000000000e+00,0.000000000000000000e+00,0.000000000000000000e+00,0.000000000000000000e+00,0.000000000000000000e+00,0.000000000000000000e+00,0.000000000000000000e+00,0.000000000000000000e+00,0.000000000000000000e+00,0.000000000000000000e+00,0.000000000000000000e+00,0.000000000000000000e+00,0.000000000000000000e+00,0.000000000000000000e+00,0.000000000000000000e+00,0.000000000000000000e+00,0.000000000000000000e+00,0.000000000000000000e+00,0.000000000000000000e+00,0.000000000000000000e+00,0.000000000000000000e+00,0.000000000000000000e+00,0.000000000000000000e+00
0.000000000000000000e+00,0.000000000000000000e+00,0.000000000000000000e+00,0.000000000000000000e+00,0.000000000000000000e+00,0.000000000000000000e+00,0.000000000000000000e+00,0.000000000000000000e+00,0.000000000000000000e+00,0.000000000000000000e+00,0.000000000000000000e+00,0.000000000000000000e+00,0.000000000000000000e+00,0.000000000000000000e+00,0.000000000000000000e+00,0.000000000000000000e+00,0.000000000000000000e+00,0.000000000000000000e+00,0.000000000000000000e+00,0.000000000000000000e+00,0.000000000000000000e+00,0.000000000000000000e+00,0.000000000000000000e+00,0.000000000000000000e+00,0.000000000000000000e+00,0.000000000000000000e+00,0.000000000000000000e+00,0.000000000000000000e+00,0.000000000000000000e+00,0.000000000000000000e+00,0.000000000000000000e+00,0.000000000000000000e+00,0.000000000000000000e+00,0.000000000000000000e+00,0.000000000000000000e+00,0.000000000000000000e+00,0.000000000000000000e+00,0.000000000000000000e+00,0.000000000000000000e+00,0.000000000000000000e+00,0.000000000000000000e+00,0.000000000000000000e+00,0.000000000000000000e+00,0.000000000000000000e+00,0.000000000000000000e+00,0.000000000000000000e+00,0.000000000000000000e+00,0.000000000000000000e+00,0.000000000000000000e+00,0.000000000000000000e+00,0.000000000000000000e+00,0.000000000000000000e+00,0.000000000000000000e+00,0.000000000000000000e+00,0.000000000000000000e+00,0.000000000000000000e+00,0.000000000000000000e+00,0.000000000000000000e+00,0.000000000000000000e+00,0.000000000000000000e+00,0.000000000000000000e+00,0.000000000000000000e+00,0.000000000000000000e+00,0.000000000000000000e+00,0.000000000000000000e+00,0.000000000000000000e+00,0.000000000000000000e+00,0.000000000000000000e+00,0.000000000000000000e+00,0.000000000000000000e+00,0.000000000000000000e+00,0.000000000000000000e+00,0.000000000000000000e+00,0.000000000000000000e+00,0.000000000000000000e+00,0.000000000000000000e+00,0.000000000000000000e+00,0.000000000000000000e+00,0.000000000000000000e+00,0.000000000000000000e+00,0.000000000000000000e+00,0.000000000000000000e+00,0.000000000000000000e+00,0.000000000000000000e+00,0.000000000000000000e+00,0.000000000000000000e+00,0.000000000000000000e+00,0.000000000000000000e+00,0.000000000000000000e+00,0.000000000000000000e+00,0.000000000000000000e+00,0.000000000000000000e+00,0.000000000000000000e+00,0.000000000000000000e+00,0.000000000000000000e+00,0.000000000000000000e+00,0.000000000000000000e+00,0.000000000000000000e+00,0.000000000000000000e+00,0.000000000000000000e+00,0.000000000000000000e+00
0.000000000000000000e+00,0.000000000000000000e+00,0.000000000000000000e+00,0.000000000000000000e+00,0.000000000000000000e+00,0.000000000000000000e+00,0.000000000000000000e+00,0.000000000000000000e+00,0.000000000000000000e+00,0.000000000000000000e+00,0.000000000000000000e+00,0.000000000000000000e+00,0.000000000000000000e+00,0.000000000000000000e+00,0.000000000000000000e+00,0.000000000000000000e+00,0.000000000000000000e+00,0.000000000000000000e+00,0.000000000000000000e+00,0.000000000000000000e+00,0.000000000000000000e+00,0.000000000000000000e+00,0.000000000000000000e+00,0.000000000000000000e+00,0.000000000000000000e+00,0.000000000000000000e+00,0.000000000000000000e+00,0.000000000000000000e+00,0.000000000000000000e+00,0.000000000000000000e+00,0.000000000000000000e+00,0.000000000000000000e+00,0.000000000000000000e+00,0.000000000000000000e+00,0.000000000000000000e+00,0.000000000000000000e+00,0.000000000000000000e+00,0.000000000000000000e+00,0.000000000000000000e+00,0.000000000000000000e+00,0.000000000000000000e+00,0.000000000000000000e+00,0.000000000000000000e+00,0.000000000000000000e+00,0.000000000000000000e+00,0.000000000000000000e+00,0.000000000000000000e+00,0.000000000000000000e+00,0.000000000000000000e+00,0.000000000000000000e+00,0.000000000000000000e+00,0.000000000000000000e+00,0.000000000000000000e+00,0.000000000000000000e+00,0.000000000000000000e+00,0.000000000000000000e+00,0.000000000000000000e+00,0.000000000000000000e+00,0.000000000000000000e+00,0.000000000000000000e+00,0.000000000000000000e+00,0.000000000000000000e+00,0.000000000000000000e+00,0.000000000000000000e+00,0.000000000000000000e+00,0.000000000000000000e+00,0.000000000000000000e+00,0.000000000000000000e+00,0.000000000000000000e+00,0.000000000000000000e+00,0.000000000000000000e+00,0.000000000000000000e+00,0.000000000000000000e+00,0.000000000000000000e+00,0.000000000000000000e+00,0.000000000000000000e+00,0.000000000000000000e+00,0.000000000000000000e+00,0.000000000000000000e+00,0.000000000000000000e+00,0.000000000000000000e+00,0.000000000000000000e+00,0.000000000000000000e+00,0.000000000000000000e+00,0.000000000000000000e+00,0.000000000000000000e+00,0.000000000000000000e+00,0.000000000000000000e+00,0.000000000000000000e+00,0.000000000000000000e+00,0.000000000000000000e+00,0.000000000000000000e+00,0.000000000000000000e+00,0.000000000000000000e+00,0.000000000000000000e+00,0.000000000000000000e+00,0.000000000000000000e+00,0.000000000000000000e+00,0.000000000000000000e+00,0.000000000000000000e+00,0.000000000000000000e+00
0.000000000000000000e+00,0.000000000000000000e+00,0.000000000000000000e+00,0.000000000000000000e+00,0.000000000000000000e+00,0.000000000000000000e+00,0.000000000000000000e+00,0.000000000000000000e+00,0.000000000000000000e+00,0.000000000000000000e+00,0.000000000000000000e+00,0.000000000000000000e+00,0.000000000000000000e+00,0.000000000000000000e+00,0.000000000000000000e+00,0.000000000000000000e+00,0.000000000000000000e+00,0.000000000000000000e+00,0.000000000000000000e+00,0.000000000000000000e+00,0.000000000000000000e+00,0.000000000000000000e+00,0.000000000000000000e+00,0.000000000000000000e+00,0.000000000000000000e+00,0.000000000000000000e+00,0.000000000000000000e+00,0.000000000000000000e+00,0.000000000000000000e+00,0.000000000000000000e+00,0.000000000000000000e+00,0.000000000000000000e+00,0.000000000000000000e+00,0.000000000000000000e+00,0.000000000000000000e+00,0.000000000000000000e+00,0.000000000000000000e+00,0.000000000000000000e+00,0.000000000000000000e+00,0.000000000000000000e+00,0.000000000000000000e+00,0.000000000000000000e+00,0.000000000000000000e+00,0.000000000000000000e+00,0.000000000000000000e+00,0.000000000000000000e+00,0.000000000000000000e+00,0.000000000000000000e+00,0.000000000000000000e+00,0.000000000000000000e+00,0.000000000000000000e+00,0.000000000000000000e+00,0.000000000000000000e+00,0.000000000000000000e+00,0.000000000000000000e+00,0.000000000000000000e+00,0.000000000000000000e+00,0.000000000000000000e+00,0.000000000000000000e+00,0.000000000000000000e+00,0.000000000000000000e+00,0.000000000000000000e+00,0.000000000000000000e+00,0.000000000000000000e+00,0.000000000000000000e+00,0.000000000000000000e+00,0.000000000000000000e+00,0.000000000000000000e+00,0.000000000000000000e+00,0.000000000000000000e+00,0.000000000000000000e+00,0.000000000000000000e+00,0.000000000000000000e+00,0.000000000000000000e+00,0.000000000000000000e+00,0.000000000000000000e+00,0.000000000000000000e+00,0.000000000000000000e+00,0.000000000000000000e+00,0.000000000000000000e+00,0.000000000000000000e+00,0.000000000000000000e+00,0.000000000000000000e+00,0.000000000000000000e+00,0.000000000000000000e+00,0.000000000000000000e+00,0.000000000000000000e+00,0.000000000000000000e+00,0.000000000000000000e+00,0.000000000000000000e+00,0.000000000000000000e+00,0.000000000000000000e+00,0.000000000000000000e+00,0.000000000000000000e+00,0.000000000000000000e+00,0.000000000000000000e+00,0.000000000000000000e+00,0.000000000000000000e+00,0.000000000000000000e+00,0.000000000000000000e+00,0.000000000000000000e+00
0.000000000000000000e+00,0.000000000000000000e+00,0.000000000000000000e+00,0.000000000000000000e+00,0.000000000000000000e+00,0.000000000000000000e+00,0.000000000000000000e+00,0.000000000000000000e+00,0.000000000000000000e+00,0.000000000000000000e+00,0.000000000000000000e+00,0.000000000000000000e+00,0.000000000000000000e+00,0.000000000000000000e+00,0.000000000000000000e+00,0.000000000000000000e+00,0.000000000000000000e+00,0.000000000000000000e+00,0.000000000000000000e+00,0.000000000000000000e+00,0.000000000000000000e+00,0.000000000000000000e+00,0.000000000000000000e+00,0.000000000000000000e+00,0.000000000000000000e+00,0.000000000000000000e+00,0.000000000000000000e+00,0.000000000000000000e+00,0.000000000000000000e+00,0.000000000000000000e+00,0.000000000000000000e+00,0.000000000000000000e+00,0.000000000000000000e+00,0.000000000000000000e+00,0.000000000000000000e+00,0.000000000000000000e+00,0.000000000000000000e+00,0.000000000000000000e+00,0.000000000000000000e+00,0.000000000000000000e+00,0.000000000000000000e+00,0.000000000000000000e+00,0.000000000000000000e+00,0.000000000000000000e+00,0.000000000000000000e+00,0.000000000000000000e+00,0.000000000000000000e+00,0.000000000000000000e+00,0.000000000000000000e+00,0.000000000000000000e+00,0.000000000000000000e+00,0.000000000000000000e+00,0.000000000000000000e+00,0.000000000000000000e+00,0.000000000000000000e+00,0.000000000000000000e+00,0.000000000000000000e+00,0.000000000000000000e+00,0.000000000000000000e+00,0.000000000000000000e+00,0.000000000000000000e+00,0.000000000000000000e+00,0.000000000000000000e+00,0.000000000000000000e+00,0.000000000000000000e+00,0.000000000000000000e+00,0.000000000000000000e+00,0.000000000000000000e+00,0.000000000000000000e+00,0.000000000000000000e+00,0.000000000000000000e+00,0.000000000000000000e+00,0.000000000000000000e+00,0.000000000000000000e+00,0.000000000000000000e+00,0.000000000000000000e+00,0.000000000000000000e+00,0.000000000000000000e+00,0.000000000000000000e+00,0.000000000000000000e+00,0.000000000000000000e+00,0.000000000000000000e+00,0.000000000000000000e+00,0.000000000000000000e+00,0.000000000000000000e+00,0.000000000000000000e+00,0.000000000000000000e+00,0.000000000000000000e+00,0.000000000000000000e+00,0.000000000000000000e+00,0.000000000000000000e+00,0.000000000000000000e+00,0.000000000000000000e+00,0.000000000000000000e+00,0.000000000000000000e+00,0.000000000000000000e+00,0.000000000000000000e+00,0.000000000000000000e+00,0.000000000000000000e+00,0.000000000000000000e+00,0.000000000000000000e+00
0.000000000000000000e+00,0.000000000000000000e+00,0.000000000000000000e+00,0.000000000000000000e+00,0.000000000000000000e+00,0.000000000000000000e+00,0.000000000000000000e+00,0.000000000000000000e+00,0.000000000000000000e+00,0.000000000000000000e+00,0.000000000000000000e+00,0.000000000000000000e+00,0.000000000000000000e+00,0.000000000000000000e+00,0.000000000000000000e+00,0.000000000000000000e+00,0.000000000000000000e+00,0.000000000000000000e+00,0.000000000000000000e+00,0.000000000000000000e+00,0.000000000000000000e+00,0.000000000000000000e+00,0.000000000000000000e+00,0.000000000000000000e+00,0.000000000000000000e+00,0.000000000000000000e+00,0.000000000000000000e+00,0.000000000000000000e+00,0.000000000000000000e+00,0.000000000000000000e+00,0.000000000000000000e+00,0.000000000000000000e+00,0.000000000000000000e+00,0.000000000000000000e+00,0.000000000000000000e+00,0.000000000000000000e+00,0.000000000000000000e+00,0.000000000000000000e+00,0.000000000000000000e+00,0.000000000000000000e+00,0.000000000000000000e+00,0.000000000000000000e+00,0.000000000000000000e+00,0.000000000000000000e+00,0.000000000000000000e+00,0.000000000000000000e+00,0.000000000000000000e+00,0.000000000000000000e+00,0.000000000000000000e+00,0.000000000000000000e+00,0.000000000000000000e+00,0.000000000000000000e+00,0.000000000000000000e+00,0.000000000000000000e+00,0.000000000000000000e+00,0.000000000000000000e+00,0.000000000000000000e+00,0.000000000000000000e+00,0.000000000000000000e+00,0.000000000000000000e+00,0.000000000000000000e+00,0.000000000000000000e+00,0.000000000000000000e+00,0.000000000000000000e+00,0.000000000000000000e+00,0.000000000000000000e+00,0.000000000000000000e+00,0.000000000000000000e+00,0.000000000000000000e+00,0.000000000000000000e+00,0.000000000000000000e+00,0.000000000000000000e+00,0.000000000000000000e+00,0.000000000000000000e+00,0.000000000000000000e+00,0.000000000000000000e+00,0.000000000000000000e+00,0.000000000000000000e+00,0.000000000000000000e+00,0.000000000000000000e+00,0.000000000000000000e+00,0.000000000000000000e+00,0.000000000000000000e+00,0.000000000000000000e+00,0.000000000000000000e+00,0.000000000000000000e+00,0.000000000000000000e+00,0.000000000000000000e+00,0.000000000000000000e+00,0.000000000000000000e+00,0.000000000000000000e+00,0.000000000000000000e+00,0.000000000000000000e+00,0.000000000000000000e+00,0.000000000000000000e+00,0.000000000000000000e+00,0.000000000000000000e+00,0.000000000000000000e+00,0.000000000000000000e+00,0.000000000000000000e+00,0.000000000000000000e+00
7.900000000000000000e+04,1.540000000000000000e+02,1.680000000000000000e+02,1.610000000000000000e+02,1.650000000000000000e+02,1.620000000000000000e+02,3.170000000000000000e+02,3.150000000000000000e+02,3.250000000000000000e+02,3.150000000000000000e+02,3.080000000000000000e+02,6.013200000000000000e+04,5.232500000000000000e+04,4.972400000000000000e+04,1.300000000000000000e+01,4.050500000000000000e+04,4.153000000000000000e+03,1.116500000000000000e+04,1.112700000000000000e+04,9.251000000000000000e+03,7.132000000000000000e+03,7.096000000000000000e+03,7.130000000000000000e+03,1.009700000000000000e+04,1.111000000000000000e+03,1.601100000000000000e+04,9.067000000000000000e+03,1.302500000000000000e+04,1.102000000000000000e+04,6.036000000000000000e+03,1.302400000000000000e+04,6.900000000000000000e+01,1.069000000000000000e+03,8.019000000000000000e+03,6.054000000000000000e+03,3.031000000000000000e+03,1.400400000000000000e+04,7.021000000000000000e+03,8.001000000000000000e+03,7.005000000000000000e+03,1.200400000000000000e+04,4.013000000000000000e+03,3.038000000000000000e+03,1.300300000000000000e+04,4.019000000000000000e+03,1.200800000000000000e+04,4.013000000000000000e+03,1.000600000000000000e+04,7.012000000000000000e+03,1.501400000000000000e+04,4.018000000000000000e+03,1.301900000000000000e+04,6.030000000000000000e+03,6.018000000000000000e+03,1.000800000000000000e+04,6.015000000000000000e+03,5.012000000000000000e+03,1.100100000000000000e+04,9.026000000000000000e+03,4.020000000000000000e+03,1.001300000000000000e+04,7.020000000000000000e+03,8.006000000000000000e+03,1.200000000000000000e+04,2.015000000000000000e+03,8.002000000000000000e+03,1.101500000000000000e+04,1.001600000000000000e+04,1.000500000000000000e+04,8.008000000000000000e+03,6.021000000000000000e+03,1.100000000000000000e+04,1.200900000000000000e+04,1.300000000000000000e+04,1.500000000000000000e+04,1.300100000000000000e+04,1.200900000000000000e+04,1.100000000000000000e+04,4.017000000000000000e+03,8.019000000000000000e+03,1.000900000000000000e+04,1.100700000000000000e+04,3.006000000000000000e+03,1.000000000000000000e+04,1.300200000000000000e+04,1.200500000000000000e+04,3.016000000000000000e+03,1.400900000000000000e+04,1.500200000000000000e+04,5.007000000000000000e+03,6.005000000000000000e+03,1.400000000000000000e+04,1.100500000000000000e+04,1.500000000000000000e+04,1.100900000000000000e+04,1.000800000000000000e+04,6.011000000000000000e+03,1.300100000000000000e+04,1.000400000000000000e+04,1.200000000000000000e+04,6.004000000000000000e+03
7.900000000000000000e+04,7.900000000000000000e+04,4.270000000000000000e+02,1.065000000000000000e+03,6.540000000000000000e+02,9.390000000000000000e+02,4.780000000000000000e+02,1.059000000000000000e+03,1.660000000000000000e+02,1.530000000000000000e+02,1.610000000000000000e+02,1.470000000000000000e+02,5.973000000000000000e+04,5.388900000000000000e+04,4.924400000000000000e+04,1.660000000000000000e+02,8.134000000000000000e+03,4.204000000000000000e+03,1.114000000000000000e+04,3.157000000000000000e+03,1.110400000000000000e+04,1.314400000000000000e+04,6.128000000000000000e+03,5.133000000000000000e+03,6.097000000000000000e+03,3.139000000000000000e+03,8.172000000000000000e+03,4.092000000000000000e+03,7.072000000000000000e+03,2.125000000000000000e+03,9.073000000000000000e+03,8.067000000000000000e+03,8.052000000000000000e+03,1.005400000000000000e+04,9.014000000000000000e+03,5.067000000000000000e+03,5.000000000000000000e+03,4.052000000000000000e+03,8.041000000000000000e+03,1.700500000000000000e+04,4.027000000000000000e+03,6.009000000000000000e+03,5.025000000000000000e+03,1.200600000000000000e+04,1.000300000000000000e+04,1.300300000000000000e+04,6.015000000000000000e+03,6.014000000000000000e+03,5.007000000000000000e+03,9.020000000000000000e+03,9.012000000000000000e+03,9.011000000000000000e+03,7.015000000000000000e+03,8.016000000000000000e+03,7.007000000000000000e+03,8.999000000000000000e+03,1.200700000000000000e+04,4.021000000000000000e+03,1.300400000000000000e+04,1.400900000000000000e+04,4.010000000000000000e+03,1.000600000000000000e+04,1.500300000000000000e+04,5.016000000000000000e+03,6.015000000000000000e+03,7.008000000000000000e+03,1.099400000000000000e+04,1.200100000000000000e+04,1.001500000000000000e+04,6.017000000000000000e+03,4.018000000000000000e+03,1.700300000000000000e+04,6.009000000000000000e+03,1.200000000000000000e+04,6.999000000000000000e+03,9.006000000000000000e+03,1.400000000000000000e+04,1.401100000000000000e+04,1.200100000000000000e+04,9.004000000000000000e+03,1.200000000000000000e+04,8.009000000000000000e+03,7.009000000000000000e+03,1.400100000000000000e+04,7.013000000000000000e+03,1.500100000000000000e+04,8.012000000000000000e+03,7.008000000000000000e+03,1.201300000000000000e+04,1.001100000000000000e+04,6.010000000000000000e+03,8.007000000000000000e+03,1.201000000000000000e+04,8.005000000000000000e+03,1.000200000000000000e+04,9.001000000000000000e+03,1.400500000000000000e+04,6.006000000000000000e+03,1.500200000000000000e+04,6.004000000000000000e+03,5.007000000000000000e+03
7.900000000000000000e+04,7.900000000000000000e+04,7.900000000000000000e+04,7.520000000000000000e+02,2.730000000000000000e+02,4.350000000000000000e+02,4.290000000000000000e+02,7.593000000000000000e+03,1.117000000000000000e+03,4.523000000000000000e+03,1.216000000000000000e+03,8.010000000000000000e+02,7.143100000000000000e+04,6.054800000000000000e+04,5.882000000000000000e+04,5.308600000000000000e+04,5.113200000000000000e+04,2.157000000000000000e+03,4.146000000000000000e+03,1.009000000000000000e+04,2.629800000000000000e+04,7.143000000000000000e+03,7.352000000000000000e+03,5.154000000000000000e+03,4.174000000000000000e+03,1.512400000000000000e+04,6.128000000000000000e+03,1.208100000000000000e+04,6.121000000000000000e+03,9.090000000000000000e+03,6.155000000000000000e+03,4.091000000000000000e+03,1.204300000000000000e+04,5.078000000000000000e+03,1.010000000000000000e+04,8.144000000000000000e+03,1.902200000000000000e+04,1.001700000000000000e+04,1.002600000000000000e+04,9.020000000000000000e+03,8.034000000000000000e+03,4.038000000000000000e+03,9.021000000000000000e+03,1.500000000000000000e+04,5.028000000000000000e+03,9.013000000000000000e+03,7.013000000000000000e+03,9.011000000000000000e+03,1.001700000000000000e+04,5.005000000000000000e+03,4.022000000000000000e+03,1.100400000000000000e+04,3.020000000000000000e+03,1.300600000000000000e+04,1.200300000000000000e+04,1.001700000000000000e+04,1.100600000000000000e+04,5.019000000000000000e+03,1.001400000000000000e+04,9.003000000000000000e+03,7.016000000000000000e+03,7.018000000000000000e+03,6.998000000000000000e+03,4.015000000000000000e+03,5.006000000000000000e+03,9.013000000000000000e+03,5.015000000000000000e+03,9.002000000000000000e+03,1.300200000000000000e+04,7.007000000000000000e+03,1.299800000000000000e+04,5.017000000000000000e+03,1.100100000000000000e+04,1.000500000000000000e+04,1.100700000000000000e+04,6.006000000000000000e+03,5.008000000000000000e+03,5.014000000000000000e+03,1.400400000000000000e+04,8.013000000000000000e+03,7.009000000000000000e+03,9.009000000000000000e+03,1.500400000000000000e+04,1.500700000000000000e+04,1.300200000000000000e+04,8.010000000000000000e+03,6.002000000000000000e+03,4.017000000000000000e+03,8.009000000000000000e+03,4.011000000000000000e+03,1.000300000000000000e+04,1.000300000000000000e+04,8.001000000000000000e+03,8.000000000000000000e+03,9.002000000000000000e+03,4.009000000000000000e+03,1.200400000000000000e+04,1.300000000000000000e+04,1.001000000000000000e+04,1.000000000000000000e+04,8.006000000000000000e+03
7.900000000000000000e+04,7.900000000000000000e+04,7.900000000000000000e+04,7.900000000000000000e+04,1.367000000000000000e+03,5.920000000000000000e+02,2.700000000000000000e+02,2.610000000000000000e+02,4.280000000000000000e+02,7.410000000000000000e+02,1.210000000000000000e+03,1.348000000000000000e+03,2.416000000000000000e+03,1.093000000000000000e+03,6.389100000000000000e+04,6.182500000000000000e+04,5.420400000000000000e+04,5.264100000000000000e+04,4.807400000000000000e+04,4.207200000000000000e+04,2.305600000000000000e+04,1.208800000000000000e+04,1.621200000000000000e+04,3.149000000000000000e+03,4.151000000000000000e+03,5.151000000000000000e+03,7.137000000000000000e+03,9.112000000000000000e+03,1.406300000000000000e+04,1.508500000000000000e+04,1.109000000000000000e+04,5.134000000000000000e+03,6.108000000000000000e+03,1.304700000000000000e+04,7.095000000000000000e+03,8.080000000000000000e+03,3.046000000000000000e+03,8.043000000000000000e+03,1.202900000000000000e+04,5.072000000000000000e+03,6.120000000000000000e+03,6.019000000000000000e+03,8.004000000000000000e+03,1.203200000000000000e+04,1.114000000000000000e+03,1.400500000000000000e+04,1.303000000000000000e+04,1.399000000000000000e+04,7.025000000000000000e+03,5.038000000000000000e+03,1.201200000000000000e+04,7.033000000000000000e+03,1.002300000000000000e+04,6.013000000000000000e+03,1.000600000000000000e+04,8.008000000000000000e+03,1.001000000000000000e+04,5.018000000000000000e+03,4.018000000000000000e+03,7.016000000000000000e+03,5.012000000000000000e+03,4.014000000000000000e+03,5.010000000000000000e+03,5.018000000000000000e+03,1.300700000000000000e+04,1.000000000000000000e+04,9.007000000000000000e+03,3.013000000000000000e+03,1.200100000000000000e+04,1.100600000000000000e+04,9.007000000000000000e+03,5.013000000000000000e+03,9.000000000000000000e+03,1.400600000000000000e+04,8.004000000000000000e+03,1.101100000000000000e+04,6.006000000000000000e+03,7.007000000000000000e+03,9.006000000000000000e+03,5.015000000000000000e+03,5.011000000000000000e+03,1.100300000000000000e+04,1.400600000000000000e+04,1.200100000000000000e+04,1.000200000000000000e+04,1.400400000000000000e+04,8.011000000000000000e+03,1.100200000000000000e+04,1.300500000000000000e+04,1.200000000000000000e+04,8.014000000000000000e+03,7.005000000000000000e+03,5.013000000000000000e+03,1.001300000000000000e+04,5.019000000000000000e+03,7.006000000000000000e+03,9.006000000000000000e+03,1.100000000000000000e+04,6.017000000000000000e+03,1.100100000000000000e+04,8.000000000000000000e+03
7.900000000000000000e+04,7.900000000000000000e+04,7.900000000000000000e+04,7.900000000000000000e+04,7.900000000000000000e+04,1.857000000000000000e+03,5.890000000000000000e+02,4.390000000000000000e+02,2.690000000000000000e+02,4.230000000000000000e+02,2.710000000000000000e+02,7.340000000000000000e+02,9.040000000000000000e+02,1.019000000000000000e+03,9.010000000000000000e+02,6.564600000000000000e+04,6.453400000000000000e+04,5.486400000000000000e+04,5.292100000000000000e+04,4.832400000000000000e+04,3.835600000000000000e+04,2.386900000000000000e+04,1.120200000000000000e+04,4.414000000000000000e+03,4.378000000000000000e+03,5.288000000000000000e+03,4.153000000000000000e+03,1.107500000000000000e+04,6.152000000000000000e+03,8.116000000000000000e+03,1.208100000000000000e+04,1.008800000000000000e+04,7.088000000000000000e+03,8.067000000000000000e+03,6.093000000000000000e+03,3.144000000000000000e+03,5.089000000000000000e+03,7.111000000000000000e+03,1.005800000000000000e+04,9.056000000000000000e+03,6.083000000000000000e+03,1.103900000000000000e+04,1.597600000000000000e+04,1.401200000000000000e+04,3.043000000000000000e+03,8.042000000000000000e+03,6.023000000000000000e+03,1.301800000000000000e+04,1.599900000000000000e+04,1.401800000000000000e+04,6.042000000000000000e+03,4.037000000000000000e+03,7.010000000000000000e+03,9.002000000000000000e+03,6.028000000000000000e+03,6.021000000000000000e+03,8.001000000000000000e+03,1.102100000000000000e+04,7.006000000000000000e+03,1.401200000000000000e+04,5.014000000000000000e+03,1.201300000000000000e+04,6.010000000000000000e+03,8.010000000000000000e+03,3.021000000000000000e+03,8.011000000000000000e+03,1.699900000000000000e+04,6.002000000000000000e+03,8.002000000000000000e+03,6.020000000000000000e+03,1.001700000000000000e+04,7.004000000000000000e+03,1.401800000000000000e+04,3.019000000000000000e+03,1.000200000000000000e+04,5.029000000000000000e+03,7.006000000000000000e+03,8.015000000000000000e+03,8.013000000000000000e+03,7.017000000000000000e+03,8.011000000000000000e+03,5.017000000000000000e+03,8.011000000000000000e+03,1.400600000000000000e+04,6.009000000000000000e+03,6.002000000000000000e+03,1.101500000000000000e+04,1.400700000000000000e+04,8.016000000000000000e+03,4.005000000000000000e+03,1.200600000000000000e+04,9.019000000000000000e+03,1.200800000000000000e+04,1.500500000000000000e+04,9.010000000000000000e+03,6.008000000000000000e+03,9.003000000000000000e+03,4.022000000000000000e+03,1.000500000000000000e+04,1.100700000000000000e+04,1.400000000000000000e+04
7.900000000000000000e+04,7.900000000000000000e+04,7.900000000000000000e+04,7.900000000000000000e+04,7.900000000000000000e+04,7.900000000000000000e+04,4.504000000000000000e+03,1.057000000000000000e+03,4.360000000000000000e+02,2.690000000000000000e+02,2.660000000000000000e+02,5.800000000000000000e+02,2.660000000000000000e+02,9.090000000000000000e+02,1.060000000000000000e+03,1.699000000000000000e+03,6.800100000000000000e+04,6.787800000000000000e+04,5.902000000000000000e+04,5.595100000000000000e+04,5.418700000000000000e+04,4.768100000000000000e+04,3.739800000000000000e+04,1.016800000000000000e+04,9.120000000000000000e+03,8.259000000000000000e+03,8.150000000000000000e+03,9.153000000000000000e+03,4.217000000000000000e+03,9.139000000000000000e+03,4.159000000000000000e+03,7.095000000000000000e+03,9.181000000000000000e+03,1.108600000000000000e+04,6.127000000000000000e+03,5.228000000000000000e+03,1.209400000000000000e+04,1.305500000000000000e+04,8.100000000000000000e+03,7.070000000000000000e+03,6.094000000000000000e+03,1.008400000000000000e+04,1.103500000000000000e+04,4.060000000000000000e+03,3.074000000000000000e+03,9.081000000000000000e+03,1.202600000000000000e+04,7.008000000000000000e+03,8.011000000000000000e+03,3.050000000000000000e+03,7.016000000000000000e+03,1.100600000000000000e+04,1.500400000000000000e+04,6.015000000000000000e+03,7.014000000000000000e+03,3.030000000000000000e+03,8.046000000000000000e+03,8.005000000000000000e+03,7.028000000000000000e+03,1.400800000000000000e+04,1.002700000000000000e+04,1.899500000000000000e+04,6.015000000000000000e+03,8.001000000000000000e+03,1.000400000000000000e+04,1.000600000000000000e+04,7.009000000000000000e+03,2.027000000000000000e+03,4.024000000000000000e+03,6.017000000000000000e+03,5.036000000000000000e+03,9.011000000000000000e+03,5.024000000000000000e+03,1.002400000000000000e+04,6.018000000000000000e+03,1.200700000000000000e+04,7.017000000000000000e+03,3.006000000000000000e+03,3.011000000000000000e+03,1.100500000000000000e+04,7.013000000000000000e+03,6.016000000000000000e+03,6.012000000000000000e+03,6.026000000000000000e+03,7.003000000000000000e+03,7.027000000000000000e+03,9.006000000000000000e+03,8.014000000000000000e+03,1.300300000000000000e+04,7.019000000000000000e+03,8.004000000000000000e+03,9.005000000000000000e+03,1.500800000000000000e+04,9.009000000000000000e+03,5.010000000000000000e+03,1.700900000000000000e+04,6.020000000000000000e+03,6.008000000000000000e+03,4.005000000000000000e+03,3.014000000000000000e+03,8.015000000000000000e+03
7.900000000000000000e+04,7.900000000000000000e+04,7.900000000000000000e+04,7.900000000000000000e+04,7.900000000000000000e+04,7.900000000000000000e+04,7.900000000000000000e+04,3.787300000000000000e+04,1.516000000000000000e+03,5.970000000000000000e+02,4.300000000000000000e+02,4.330000000000000000e+02,2.770000000000000000e+02,7.460000000000000000e+02,5.830000000000000000e+02,1.055000000000000000e+03,7.385700000000000000e+04,7.039400000000000000e+04,7.091100000000000000e+04,6.152700000000000000e+04,5.908900000000000000e+04,5.590900000000000000e+04,5.036600000000000000e+04,2.250400000000000000e+04,3.282800000000000000e+04,1.392700000000000000e+04,6.756000000000000000e+03,1.213800000000000000e+04,8.353000000000000000e+03,6.166000000000000000e+03,1.014400000000000000e+04,1.420200000000000000e+04,4.129000000000000000e+03,8.117000000000000000e+03,1.112100000000000000e+04,6.123000000000000000e+03,9.099000000000000000e+03,1.409700000000000000e+04,7.074000000000000000e+03,1.107100000000000000e+04,7.092000000000000000e+03,5.111000000000000000e+03,4.103000000000000000e+03,6.028000000000000000e+03,8.075000000000000000e+03,1.203100000000000000e+04,7.079000000000000000e+03,6.074000000000000000e+03,5.037000000000000000e+03,1.003600000000000000e+04,1.004900000000000000e+04,4.054000000000000000e+03,9.053000000000000000e+03,5.073000000000000000e+03,6.093000000000000000e+03,6.031000000000000000e+03,9.032000000000000000e+03,5.023000000000000000e+03,8.038000000000000000e+03,7.032000000000000000e+03,1.400200000000000000e+04,1.000600000000000000e+04,1.402800000000000000e+04,7.035000000000000000e+03,7.034000000000000000e+03,7.004000000000000000e+03,1.300600000000000000e+04,6.030000000000000000e+03,5.003000000000000000e+03,5.038000000000000000e+03,1.601800000000000000e+04,8.005000000000000000e+03,6.010000000000000000e+03,1.301500000000000000e+04,3.002000000000000000e+03,2.019000000000000000e+03,1.200400000000000000e+04,1.001100000000000000e+04,1.400100000000000000e+04,4.025000000000000000e+03,7.015000000000000000e+03,1.200700000000000000e+04,1.399800000000000000e+04,1.000100000000000000e+04,6.008000000000000000e+03,1.000300000000000000e+04,6.015000000000000000e+03,5.015000000000000000e+03,1.200800000000000000e+04,1.201900000000000000e+04,7.006000000000000000e+03,1.100600000000000000e+04,6.013000000000000000e+03,7.006000000000000000e+03,8.016000000000000000e+03,7.005000000000000000e+03,4.020000000000000000e+03,4.009000000000000000e+03,9.008000000000000000e+03,4.003000000000000000e+03,1.699400000000000000e+04
7.900000000000000000e+04,7.900000000000000000e+04,7.900000000000000000e+04,7.900000000000000000e+04,7.900000000000000000e+04,7.900000000000000000e+04,7.900000000000000000e+04,7.900000000000000000e+04,7.897500000000000000e+04,1.538000000000000000e+03,5.910000000000000000e+02,5.940000000000000000e+02,4.320000000000000000e+02,4.270000000000000000e+02,2.750000000000000000e+02,4.230000000000000000e+02,6.000000000000000000e+02,4.273900000000000000e+04,7.095100000000000000e+04,7.082200000000000000e+04,6.421300000000000000e+04,6.040700000000000000e+04,5.638100000000000000e+04,5.257900000000000000e+04,2.852300000000000000e+04,9.215000000000000000e+03,2.327100000000000000e+04,2.275300000000000000e+04,9.794000000000000000e+03,5.156000000000000000e+03,2.133000000000000000e+03,3.178000000000000000e+03,9.170000000000000000e+03,9.164000000000000000e+03,6.127000000000000000e+03,2.117000000000000000e+03,1.111600000000000000e+04,1.109800000000000000e+04,1.109100000000000000e+04,2.172000000000000000e+03,3.153000000000000000e+03,1.205200000000000000e+04,6.097000000000000000e+03,7.098000000000000000e+03,6.090000000000000000e+03,8.086000000000000000e+03,8.057000000000000000e+03,1.006800000000000000e+04,1.005800000000000000e+04,5.070000000000000000e+03,5.136000000000000000e+03,1.304400000000000000e+04,9.045000000000000000e+03,6.053000000000000000e+03,3.068000000000000000e+03,7.038000000000000000e+03,2.118000000000000000e+03,1.002000000000000000e+04,7.031000000000000000e+03,4.047000000000000000e+03,9.016000000000000000e+03,1.501200000000000000e+04,1.102500000000000000e+04,8.011000000000000000e+03,1.200700000000000000e+04,7.022000000000000000e+03,7.004000000000000000e+03,8.007000000000000000e+03,8.035000000000000000e+03,1.600800000000000000e+04,3.008000000000000000e+03,6.031000000000000000e+03,1.000400000000000000e+04,1.700000000000000000e+04,1.400500000000000000e+04,9.007000000000000000e+03,3.019000000000000000e+03,7.007000000000000000e+03,8.015000000000000000e+03,7.013000000000000000e+03,6.019000000000000000e+03,1.002500000000000000e+04,1.000800000000000000e+04,9.014000000000000000e+03,1.200100000000000000e+04,1.300200000000000000e+04,1.200200000000000000e+04,8.005000000000000000e+03,6.010000000000000000e+03,5.018000000000000000e+03,9.000000000000000000e+03,1.700400000000000000e+04,1.599900000000000000e+04,6.023000000000000000e+03,1.102500000000000000e+04,6.018000000000000000e+03,9.008000000000000000e+03,1.301000000000000000e+04,1.401500000000000000e+04,6.010000000000000000e+03,6.011000000000000000e+03
7.900000000000000000e+04,7.900000000000000000e+04,7.900000000000000000e+04,7.900000000000000000e+04,7.900000000000000000e+04,7.900000000000000000e+04,7.900000000000000000e+04,7.900000000000000000e+04,7.900000000000000000e+04,7.900000000000000000e+04,1.700000000000000000e+03,9.040000000000000000e+02,7.400000000000000000e+02,4.370000000000000000e+02,2.750000000000000000e+02,2.720000000000000000e+02,4.350000000000000000e+02,2.670000000000000000e+02,2.620000000000000000e+02,7.066900000000000000e+04,7.066000000000000000e+04,6.461500000000000000e+04,6.075900000000000000e+04,5.992700000000000000e+04,5.160100000000000000e+04,5.296100000000000000e+04,1.319100000000000000e+04,1.318200000000000000e+04,9.551000000000000000e+03,1.215800000000000000e+04,9.220000000000000000e+03,9.168000000000000000e+03,4.244000000000000000e+03,9.135000000000000000e+03,1.309900000000000000e+04,8.127000000000000000e+03,6.163000000000000000e+03,6.123000000000000000e+03,5.128000000000000000e+03,6.107000000000000000e+03,5.090000000000000000e+03,7.116000000000000000e+03,6.137000000000000000e+03,7.088000000000000000e+03,8.076000000000000000e+03,7.092000000000000000e+03,6.154000000000000000e+03,1.008300000000000000e+04,5.051000000000000000e+03,1.202900000000000000e+04,5.078000000000000000e+03,5.041000000000000000e+03,1.304500000000000000e+04,5.097000000000000000e+03,5.071000000000000000e+03,5.052000000000000000e+03,1.104200000000000000e+04,9.026000000000000000e+03,1.201300000000000000e+04,6.069000000000000000e+03,1.700800000000000000e+04,2.105000000000000000e+03,7.034000000000000000e+03,3.029000000000000000e+03,6.026000000000000000e+03,1.401900000000000000e+04,1.001700000000000000e+04,5.022000000000000000e+03,6.017000000000000000e+03,4.031000000000000000e+03,3.032000000000000000e+03,4.032000000000000000e+03,1.000500000000000000e+04,8.030000000000000000e+03,3.020000000000000000e+03,5.003000000000000000e+03,1.100200000000000000e+04,9.006000000000000000e+03,8.018000000000000000e+03,1.000900000000000000e+04,5.029000000000000000e+03,1.100500000000000000e+04,1.100400000000000000e+04,7.018000000000000000e+03,5.011000000000000000e+03,8.028000000000000000e+03,1.599800000000000000e+04,6.006000000000000000e+03,8.011000000000000000e+03,6.017000000000000000e+03,6.015000000000000000e+03,6.000000000000000000e+03,1.000400000000000000e+04,4.017000000000000000e+03,9.015000000000000000e+03,8.021000000000000000e+03,7.006000000000000000e+03,5.016000000000000000e+03,8.022000000000000000e+03,9.010000000000000000e+03,1.001300000000000000e+04
7.900000000000000000e+04,7.900000000000000000e+04,7.900000000000000000e+04,7.900000000000000000e+04,7.900000000000000000e+04,7.900000000000000000e+04,7.900000000000000000e+04,7.900000000000000000e+04,7.900000000000000000e+04,7.900000000000000000e+04,7.900000000000000000e+04,1.703000000000000000e+03,1.674000000000000000e+03,7.490000000000000000e+02,4.380000000000000000e+02,4.420000000000000000e+02,5.810000000000000000e+02,2.750000000000000000e+02,4.260000000000000000e+02,4.290000000000000000e+02,7.020900000000000000e+04,7.070200000000000000e+04,6.812800000000000000e+04,6.188200000000000000e+04,6.040400000000000000e+04,5.907200000000000000e+04,5.414100000000000000e+04,2.364800000000000000e+04,1.533600000000000000e+04,5.182000000000000000e+03,8.404000000000000000e+03,9.131000000000000000e+03,7.664000000000000000e+03,1.258600000000000000e+04,6.104000000000000000e+03,7.225000000000000000e+03,8.132000000000000000e+03,7.207000000000000000e+03,2.151000000000000000e+03,9.086000000000000000e+03,1.310000000000000000e+04,5.106000000000000000e+03,1.112100000000000000e+04,6.116000000000000000e+03,7.116000000000000000e+03,7.047000000000000000e+03,3.098000000000000000e+03,7.081000000000000000e+03,5.094000000000000000e+03,4.111000000000000000e+03,4.117000000000000000e+03,1.004600000000000000e+04,6.083000000000000000e+03,4.094000000000000000e+03,6.069000000000000000e+03,5.117000000000000000e+03,1.011800000000000000e+04,5.081000000000000000e+03,7.052000000000000000e+03,9.024000000000000000e+03,1.306800000000000000e+04,8.059000000000000000e+03,8.032000000000000000e+03,1.104400000000000000e+04,3.047000000000000000e+03,1.303300000000000000e+04,7.100000000000000000e+03,7.034000000000000000e+03,1.301300000000000000e+04,8.030000000000000000e+03,5.044000000000000000e+03,1.058000000000000000e+03,4.026000000000000000e+03,6.020000000000000000e+03,1.001900000000000000e+04,1.001500000000000000e+04,6.016000000000000000e+03,9.007000000000000000e+03,8.022000000000000000e+03,9.020000000000000000e+03,4.017000000000000000e+03,6.003000000000000000e+03,1.499800000000000000e+04,5.025000000000000000e+03,1.199800000000000000e+04,4.008000000000000000e+03,8.004000000000000000e+03,8.013000000000000000e+03,1.300900000000000000e+04,4.017000000000000000e+03,1.401600000000000000e+04,6.015000000000000000e+03,1.200300000000000000e+04,9.996000000000000000e+03,4.010000000000000000e+03,3.008000000000000000e+03,1.100100000000000000e+04,4.009000000000000000e+03,1.099700000000000000e+04,1.400900000000000000e+04,1.500100000000000000e+04
7.900000000000000000e+04,7.900000000000000000e+04,7.900000000000000000e+04,7.900000000000000000e+04,7.900000000000000000e+04,7.900000000000000000e+04,7.900000000000000000e+04,7.900000000000000000e+04,7.900000000000000000e+04,7.900000000000000000e+04,7.900000000000000000e+04,7.900000000000000000e+04,5.753000000000000000e+03,1.384000000000000000e+03,9.120000000000000000e+02,5.910000000000000000e+02,5.910000000000000000e+02,2.690000000000000000e+02,2.750000000000000000e+02,4.220000000000000000e+02,2.630000000000000000e+02,7.046800000000000000e+04,7.072900000000000000e+04,6.833900000000000000e+04,6.121300000000000000e+04,6.224500000000000000e+04,6.076100000000000000e+04,5.363800000000000000e+04,4.114100000000000000e+04,4.045900000000000000e+04,3.926600000000000000e+04,4.157000000000000000e+03,1.080000000000000000e+04,1.013200000000000000e+04,7.232000000000000000e+03,5.283000000000000000e+03,4.236000000000000000e+03,5.194000000000000000e+03,1.118000000000000000e+04,7.231000000000000000e+03,1.114300000000000000e+04,8.160000000000000000e+03,9.187000000000000000e+03,1.120000000000000000e+02,2.118000000000000000e+03,9.114000000000000000e+03,5.109000000000000000e+03,6.118000000000000000e+03,1.506500000000000000e+04,6.096000000000000000e+03,8.071000000000000000e+03,6.103000000000000000e+03,8.107000000000000000e+03,4.099000000000000000e+03,8.083000000000000000e+03,6.090000000000000000e+03,5.055000000000000000e+03,1.006100000000000000e+04,5.074000000000000000e+03,1.007300000000000000e+04,9.041000000000000000e+03,6.039000000000000000e+03,6.040000000000000000e+03,1.102600000000000000e+04,5.053000000000000000e+03,6.067000000000000000e+03,1.303300000000000000e+04,1.103000000000000000e+04,7.056000000000000000e+03,1.004300000000000000e+04,9.040000000000000000e+03,9.013000000000000000e+03,7.029000000000000000e+03,9.031000000000000000e+03,7.030000000000000000e+03,1.001800000000000000e+04,5.024000000000000000e+03,1.303800000000000000e+04,6.040000000000000000e+03,9.032000000000000000e+03,4.029000000000000000e+03,7.024000000000000000e+03,8.001000000000000000e+03,1.400900000000000000e+04,4.024000000000000000e+03,4.015000000000000000e+03,1.200400000000000000e+04,7.026000000000000000e+03,4.015000000000000000e+03,1.300600000000000000e+04,1.199800000000000000e+04,1.400400000000000000e+04,1.200800000000000000e+04,9.016000000000000000e+03,6.010000000000000000e+03,7.009000000000000000e+03,1.001600000000000000e+04,1.002800000000000000e+04,1.001300000000000000e+04,5.027000000000000000e+03,7.003000000000000000e+03
7.900000000000000000e+04,7.900000000000000000e+04,7.900000000000000000e+04,7.900000000000000000e+04,7.900000000000000000e+04,7.900000000000000000e+04,7.900000000000000000e+04,7.900000000000000000e+04,7.900000000000000000e+04,7.900000000000000000e+04,7.900000000000000000e+04,7.900000000000000000e+04,7.900000000000000000e+04,3.901000000000000000e+03,1.068000000000000000e+03,1.219000000000000000e+03,5.910000000000000000e+02,4.370000000000000000e+02,4.350000000000000000e+02,2.750000000000000000e+02,4.290000000000000000e+02,2.680000000000000000e+02,6.943600000000000000e+04,7.011100000000000000e+04,6.890100000000000000e+04,6.486500000000000000e+04,6.251700000000000000e+04,6.021100000000000000e+04,5.957300000000000000e+04,5.596600000000000000e+04,7.336000000000000000e+03,9.131000000000000000e+03,2.557000000000000000e+03,2.249000000000000000e+03,7.474000000000000000e+03,1.019000000000000000e+04,1.609000000000000000e+03,4.208000000000000000e+03,5.135000000000000000e+03,3.156000000000000000e+03,6.181000000000000000e+03,8.105000000000000000e+03,8.142000000000000000e+03,6.102000000000000000e+03,8.095000000000000000e+03,8.169000000000000000e+03,6.122000000000000000e+03,1.314400000000000000e+04,4.119000000000000000e+03,1.512200000000000000e+04,1.704500000000000000e+04,1.307500000000000000e+04,3.121000000000000000e+03,1.206800000000000000e+04,1.103000000000000000e+03,8.058000000000000000e+03,7.063000000000000000e+03,1.050000000000000000e+02,4.052000000000000000e+03,3.097000000000000000e+03,7.066000000000000000e+03,1.604600000000000000e+04,1.105400000000000000e+04,9.082000000000000000e+03,5.049000000000000000e+03,6.053000000000000000e+03,1.103800000000000000e+04,5.076000000000000000e+03,6.026000000000000000e+03,7.064000000000000000e+03,5.074000000000000000e+03,1.102500000000000000e+04,7.051000000000000000e+03,5.058000000000000000e+03,1.202500000000000000e+04,8.023000000000000000e+03,1.005400000000000000e+04,6.036000000000000000e+03,3.076000000000000000e+03,6.028000000000000000e+03,4.044000000000000000e+03,3.023000000000000000e+03,7.018000000000000000e+03,6.040000000000000000e+03,1.004000000000000000e+04,1.200300000000000000e+04,6.017000000000000000e+03,9.043000000000000000e+03,7.026000000000000000e+03,1.300000000000000000e+04,4.004000000000000000e+03,9.010000000000000000e+03,1.500700000000000000e+04,4.016000000000000000e+03,7.010000000000000000e+03,1.000200000000000000e+04,7.005000000000000000e+03,6.020000000000000000e+03,8.016000000000000000e+03,9.015000000000000000e+03,7.015000000000000000e+03
7.900000000000000000e+04,7.900000000000000000e+04,7.900000000000000000e+04,7.900000000000000000e+04,7.900000000000000000e+04,7.900000000000000000e+04,7.900000000000000000e+04,7.900000000000000000e+04,7.900000000000000000e+04,7.900000000000000000e+04,7.900000000000000000e+04,7.900000000000000000e+04,7.900000000000000000e+04,7.900000000000000000e+04,3.599400000000000000e+04,1.844000000000000000e+03,1.530000000000000000e+03,5.950000000000000000e+02,5.850000000000000000e+02,5.930000000000000000e+02,4.290000000000000000e+02,4.310000000000000000e+02,5.830000000000000000e+02,6.942300000000000000e+04,6.938300000000000000e+04,7.061800000000000000e+04,6.501300000000000000e+04,6.209000000000000000e+04,6.056200000000000000e+04,5.881700000000000000e+04,5.390100000000000000e+04,2.405300000000000000e+04,4.352000000000000000e+04,2.322000000000000000e+04,6.286000000000000000e+03,1.235300000000000000e+04,1.214000000000000000e+04,5.180000000000000000e+03,9.311000000000000000e+03,4.204000000000000000e+03,4.193000000000000000e+03,6.132000000000000000e+03,1.014200000000000000e+04,7.263000000000000000e+03,9.174000000000000000e+03,8.090000000000000000e+03,8.126000000000000000e+03,2.107000000000000000e+03,1.408300000000000000e+04,3.101000000000000000e+03,9.082000000000000000e+03,4.130000000000000000e+03,1.007500000000000000e+04,6.121000000000000000e+03,5.105000000000000000e+03,7.147000000000000000e+03,9.075000000000000000e+03,4.087000000000000000e+03,5.085000000000000000e+03,6.058000000000000000e+03,7.050000000000000000e+03,6.092000000000000000e+03,1.005100000000000000e+04,1.104600000000000000e+04,5.075000000000000000e+03,8.057000000000000000e+03,8.122000000000000000e+03,2.047000000000000000e+03,7.071000000000000000e+03,5.058000000000000000e+03,8.041000000000000000e+03,9.033000000000000000e+03,7.059000000000000000e+03,8.053000000000000000e+03,8.053000000000000000e+03,1.005500000000000000e+04,1.105200000000000000e+04,7.053000000000000000e+03,1.002300000000000000e+04,9.055000000000000000e+03,7.058000000000000000e+03,9.029000000000000000e+03,8.028000000000000000e+03,8.018000000000000000e+03,3.045000000000000000e+03,4.041000000000000000e+03,4.026000000000000000e+03,4.042000000000000000e+03,4.019000000000000000e+03,3.026000000000000000e+03,7.043000000000000000e+03,7.035000000000000000e+03,6.015000000000000000e+03,8.021000000000000000e+03,1.301500000000000000e+04,1.101900000000000000e+04,9.013000000000000000e+03,6.019000000000000000e+03,9.005000000000000000e+03,5.018000000000000000e+03,1.400500000000000000e+04
7.900000000000000000e+04,7.900000000000000000e+04,7.900000000000000000e+04,7.900000000000000000e+04,7.900000000000000000e+04,7.900000000000000000e+04,7.900000000000000000e+04,7.900000000000000000e+04,7.900000000000000000e+04,7.900000000000000000e+04,7.900000000000000000e+04,7.900000000000000000e+04,7.900000000000000000e+04,7.900000000000000000e+04,7.900000000000000000e+04,3.504100000000000000e+04,1.388000000000000000e+03,1.540000000000000000e+03,8.980000000000000000e+02,7.430000000000000000e+02,4.390000000000000000e+02,5.880000000000000000e+02,2.700000000000000000e+02,2.720000000000000000e+02,6.948400000000000000e+04,6.962000000000000000e+04,6.916700000000000000e+04,6.512600000000000000e+04,6.219800000000000000e+04,6.052300000000000000e+04,5.948100000000000000e+04,5.297100000000000000e+04,5.243700000000000000e+04,2.631500000000000000e+04,4.132100000000000000e+04,1.290100000000000000e+04,8.445000000000000000e+03,3.222000000000000000e+03,3.399000000000000000e+03,1.221100000000000000e+04,8.113000000000000000e+03,7.108000000000000000e+03,8.125000000000000000e+03,1.116500000000000000e+04,1.210300000000000000e+04,9.127000000000000000e+03,3.148000000000000000e+03,6.105000000000000000e+03,5.152000000000000000e+03,1.008200000000000000e+04,6.172000000000000000e+03,4.113000000000000000e+03,7.087000000000000000e+03,6.140000000000000000e+03,5.112000000000000000e+03,7.095000000000000000e+03,9.088000000000000000e+03,1.009600000000000000e+04,8.054000000000000000e+03,4.097000000000000000e+03,1.507300000000000000e+04,8.111000000000000000e+03,4.061000000000000000e+03,9.054000000000000000e+03,1.004000000000000000e+04,6.072000000000000000e+03,1.006700000000000000e+04,4.065000000000000000e+03,8.046000000000000000e+03,5.064000000000000000e+03,7.059000000000000000e+03,1.105200000000000000e+04,1.103200000000000000e+04,1.504000000000000000e+04,7.049000000000000000e+03,1.203400000000000000e+04,1.004100000000000000e+04,2.069000000000000000e+03,2.102100000000000000e+04,1.009700000000000000e+04,1.105500000000000000e+04,5.060000000000000000e+03,6.038000000000000000e+03,7.054000000000000000e+03,3.045000000000000000e+03,6.021000000000000000e+03,6.039000000000000000e+03,2.050000000000000000e+03,5.036000000000000000e+03,8.041000000000000000e+03,1.100900000000000000e+04,1.002200000000000000e+04,9.010000000000000000e+03,6.031000000000000000e+03,8.020000000000000000e+03,9.012000000000000000e+03,1.500900000000000000e+04,7.029000000000000000e+03,1.101100000000000000e+04,7.039000000000000000e+03,4.059000000000000000e+03
7.900000000000000000e+04,7.900000000000000000e+04,7.900000000000000000e+04,7.900000000000000000e+04,7.900000000000000000e+04,7.900000000000000000e+04,7.900000000000000000e+04,7.900000000000000000e+04,7.900000000000000000e+04,7.900000000000000000e+04,7.900000000000000000e+04,7.900000000000000000e+04,7.900000000000000000e+04,7.900000000000000000e+04,7.900000000000000000e+04,7.900000000000000000e+04,7.897500000000000000e+04,1.692000000000000000e+03,1.841000000000000000e+03,1.379000000000000000e+03,6.010000000000000000e+02,7.430000000000000000e+02,4.380000000000000000e+02,5.880000000000000000e+02,5.079100000000000000e+04,6.944500000000000000e+04,6.909400000000000000e+04,6.959700000000000000e+04,6.791000000000000000e+04,6.178100000000000000e+04,6.221000000000000000e+04,5.944300000000000000e+04,5.917600000000000000e+04,5.391800000000000000e+04,5.985000000000000000e+03,3.229400000000000000e+04,3.765000000000000000e+03,4.737000000000000000e+03,6.504000000000000000e+03,8.099000000000000000e+03,5.232000000000000000e+03,9.168000000000000000e+03,9.150000000000000000e+03,7.136000000000000000e+03,5.175000000000000000e+03,8.196000000000000000e+03,4.226000000000000000e+03,6.176000000000000000e+03,3.137000000000000000e+03,1.011700000000000000e+04,1.137000000000000000e+03,5.166000000000000000e+03,6.116000000000000000e+03,6.136000000000000000e+03,9.128000000000000000e+03,5.084000000000000000e+03,7.155000000000000000e+03,1.106000000000000000e+04,5.072000000000000000e+03,6.068000000000000000e+03,7.103000000000000000e+03,5.098000000000000000e+03,1.204800000000000000e+04,8.087000000000000000e+03,6.077000000000000000e+03,1.006000000000000000e+04,1.303500000000000000e+04,7.059000000000000000e+03,3.061000000000000000e+03,1.004700000000000000e+04,5.077000000000000000e+03,5.076000000000000000e+03,4.091000000000000000e+03,2.038000000000000000e+03,6.044000000000000000e+03,6.046000000000000000e+03,7.063000000000000000e+03,2.054000000000000000e+03,4.085000000000000000e+03,7.050000000000000000e+03,9.070000000000000000e+03,1.104000000000000000e+04,8.044000000000000000e+03,8.060000000000000000e+03,9.052000000000000000e+03,9.025000000000000000e+03,7.054000000000000000e+03,6.046000000000000000e+03,1.101900000000000000e+04,4.043000000000000000e+03,6.038000000000000000e+03,5.031000000000000000e+03,3.036000000000000000e+03,1.003600000000000000e+04,7.032000000000000000e+03,1.402400000000000000e+04,6.033000000000000000e+03,1.101900000000000000e+04,1.203100000000000000e+04,1.300200000000000000e+04,8.016000000000000000e+03
7.900000000000000000e+04,7.900000000000000000e+04,7.900000000000000000e+04,7.900000000000000000e+04,7.900000000000000000e+04,7.900000000000000000e+04,7.900000000000000000e+04,7.900000000000000000e+04,7.900000000000000000e+04,7.900000000000000000e+04,7.900000000000000000e+04,7.900000000000000000e+04,7.900000000000000000e+04,7.900000000000000000e+04,7.900000000000000000e+04,7.900000000000000000e+04,7.900000000000000000e+04,7.897200000000000000e+04,4.200000000000000000e+03,1.381000000000000000e+03,1.524000000000000000e+03,9.020000000000000000e+02,5.980000000000000000e+02,4.350000000000000000e+02,2.830000000000000000e+02,2.800000000000000000e+02,6.997700000000000000e+04,6.940300000000000000e+04,6.924300000000000000e+04,6.768900000000000000e+04,6.484400000000000000e+04,6.207100000000000000e+04,6.039700000000000000e+04,5.883400000000000000e+04,5.405300000000000000e+04,5.332400000000000000e+04,3.290800000000000000e+04,2.428700000000000000e+04,7.273000000000000000e+03,1.024700000000000000e+04,4.351000000000000000e+03,4.346000000000000000e+03,6.190000000000000000e+03,7.156000000000000000e+03,5.126000000000000000e+03,5.135000000000000000e+03,2.119000000000000000e+03,8.129000000000000000e+03,8.107000000000000000e+03,2.119000000000000000e+03,7.107000000000000000e+03,8.093000000000000000e+03,3.144000000000000000e+03,4.129000000000000000e+03,9.181000000000000000e+03,3.117000000000000000e+03,4.111000000000000000e+03,2.136000000000000000e+03,7.122000000000000000e+03,5.112000000000000000e+03,6.102000000000000000e+03,5.102000000000000000e+03,7.090000000000000000e+03,1.007400000000000000e+04,1.108600000000000000e+04,8.056000000000000000e+03,6.119000000000000000e+03,1.106700000000000000e+04,7.073000000000000000e+03,3.061000000000000000e+03,1.006300000000000000e+04,4.074000000000000000e+03,1.505500000000000000e+04,6.073000000000000000e+03,3.063000000000000000e+03,7.060000000000000000e+03,1.005600000000000000e+04,7.068000000000000000e+03,1.304900000000000000e+04,1.005300000000000000e+04,6.041000000000000000e+03,4.062000000000000000e+03,1.004200000000000000e+04,6.054000000000000000e+03,9.048000000000000000e+03,5.070000000000000000e+03,4.080000000000000000e+03,1.404900000000000000e+04,1.304400000000000000e+04,6.040000000000000000e+03,1.002800000000000000e+04,6.031000000000000000e+03,1.002800000000000000e+04,4.029000000000000000e+03,4.030000000000000000e+03,1.403200000000000000e+04,1.401900000000000000e+04,6.032000000000000000e+03,8.024000000000000000e+03,3.027000000000000000e+03,1.103000000000000000e+04
7.900000000000000000e+04,7.900000000000000000e+04,7.900000000000000000e+04,7.900000000000000000e+04,7.900000000000000000e+04,7.900000000000000000e+04,7.900000000000000000e+04,7.900000000000000000e+04,7.900000000000000000e+04,7.900000000000000000e+04,7.900000000000000000e+04,7.900000000000000000e+04,7.900000000000000000e+04,7.900000000000000000e+04,7.900000000000000000e+04,7.900000000000000000e+04,7.900000000000000000e+04,7.900000000000000000e+04,7.900000000000000000e+04,4.979000000000000000e+03,1.691000000000000000e+03,1.533000000000000000e+03,1.054000000000000000e+03,7.500000000000000000e+02,5.950000000000000000e+02,5.900000000000000000e+02,4.350000000000000000e+02,6.996300000000000000e+04,7.013300000000000000e+04,6.939400000000000000e+04,6.792600000000000000e+04,6.453400000000000000e+04,6.251700000000000000e+04,6.005100000000000000e+04,5.979700000000000000e+04,5.331800000000000000e+04,5.326500000000000000e+04,8.284000000000000000e+03,7.476000000000000000e+03,3.360100000000000000e+04,8.554000000000000000e+03,4.601000000000000000e+03,5.339000000000000000e+03,8.174000000000000000e+03,4.146000000000000000e+03,6.347000000000000000e+03,3.195000000000000000e+03,9.123000000000000000e+03,1.312100000000000000e+04,4.196000000000000000e+03,7.120000000000000000e+03,2.233000000000000000e+03,5.161000000000000000e+03,2.076000000000000000e+03,1.130000000000000000e+02,8.103000000000000000e+03,2.108000000000000000e+03,4.144000000000000000e+03,1.133000000000000000e+03,9.094000000000000000e+03,6.161000000000000000e+03,2.077000000000000000e+03,7.102000000000000000e+03,9.113000000000000000e+03,5.094000000000000000e+03,1.104000000000000000e+03,7.078000000000000000e+03,8.077000000000000000e+03,3.073000000000000000e+03,4.097000000000000000e+03,9.085000000000000000e+03,1.082000000000000000e+03,4.072000000000000000e+03,3.093000000000000000e+03,3.089000000000000000e+03,3.082000000000000000e+03,1.072000000000000000e+03,1.503900000000000000e+04,7.066000000000000000e+03,1.304100000000000000e+04,6.066000000000000000e+03,9.049000000000000000e+03,5.049000000000000000e+03,8.064000000000000000e+03,4.059000000000000000e+03,7.063000000000000000e+03,9.072000000000000000e+03,1.302900000000000000e+04,1.005000000000000000e+04,8.059000000000000000e+03,8.046000000000000000e+03,9.047000000000000000e+03,9.035000000000000000e+03,3.046000000000000000e+03,5.042000000000000000e+03,1.203600000000000000e+04,3.034000000000000000e+03,1.202600000000000000e+04,6.023000000000000000e+03,8.026000000000000000e+03,6.024000000000000000e+03
7.900000000000000000e+04,7.900000000000000000e+04,7.900000000000000000e+04,7.900000000000000000e+04,7.900000000000000000e+04,7.900000000000000000e+04,7.900000000000000000e+04,7.900000000000000000e+04,7.900000000000000000e+04,7.900000000000000000e+04,7.900000000000000000e+04,7.900000000000000000e+04,7.900000000000000000e+04,7.900000000000000000e+04,7.900000000000000000e+04,7.900000000000000000e+04,7.900000000000000000e+04,7.900000000000000000e+04,7.900000000000000000e+04,7.900000000000000000e+04,5.136000000000000000e+03,2.305000000000000000e+03,1.391000000000000000e+03,1.061000000000000000e+03,5.910000000000000000e+02,7.530000000000000000e+02,5.950000000000000000e+02,7.404100000000000000e+04,7.086500000000000000e+04,6.999000000000000000e+04,6.958100000000000000e+04,6.744700000000000000e+04,6.499100000000000000e+04,6.197700000000000000e+04,6.077500000000000000e+04,6.020200000000000000e+04,5.974500000000000000e+04,5.421100000000000000e+04,9.176000000000000000e+03,1.412900000000000000e+04,2.335800000000000000e+04,5.885000000000000000e+03,5.336000000000000000e+03,4.415000000000000000e+03,2.350000000000000000e+03,5.329000000000000000e+03,9.601000000000000000e+03,6.121000000000000000e+03,1.213000000000000000e+03,2.183000000000000000e+03,1.110800000000000000e+04,8.164000000000000000e+03,3.177000000000000000e+03,6.143000000000000000e+03,5.103000000000000000e+03,4.132000000000000000e+03,3.135000000000000000e+03,8.097000000000000000e+03,8.122000000000000000e+03,1.009900000000000000e+04,2.126000000000000000e+03,3.108000000000000000e+03,4.132000000000000000e+03,6.147000000000000000e+03,3.126000000000000000e+03,6.066000000000000000e+03,6.099000000000000000e+03,8.067000000000000000e+03,5.113000000000000000e+03,3.128000000000000000e+03,7.076000000000000000e+03,3.081000000000000000e+03,4.067000000000000000e+03,3.068000000000000000e+03,7.061000000000000000e+03,3.070000000000000000e+03,7.048000000000000000e+03,4.079000000000000000e+03,8.062000000000000000e+03,1.005000000000000000e+04,4.077000000000000000e+03,9.063000000000000000e+03,5.051000000000000000e+03,5.048000000000000000e+03,8.046000000000000000e+03,1.105000000000000000e+04,1.503300000000000000e+04,5.074000000000000000e+03,3.068000000000000000e+03,9.040000000000000000e+03,1.103700000000000000e+04,9.046000000000000000e+03,6.067000000000000000e+03,7.038000000000000000e+03,5.056000000000000000e+03,6.036000000000000000e+03,1.502000000000000000e+04,6.035000000000000000e+03,8.034000000000000000e+03,1.301900000000000000e+04,7.047000000000000000e+03
7.900000000000000000e+04,7.900000000000000000e+04,7.900000000000000000e+04,7.900000000000000000e+04,7.900000000000000000e+04,7.900000000000000000e+04,7.900000000000000000e+04,7.900000000000000000e+04,7.900000000000000000e+04,7.900000000000000000e+04,7.900000000000000000e+04,7.900000000000000000e+04,7.900000000000000000e+04,7.900000000000000000e+04,7.900000000000000000e+04,7.900000000000000000e+04,7.900000000000000000e+04,7.900000000000000000e+04,7.900000000000000000e+04,7.900000000000000000e+04,7.900000000000000000e+04,2.544700000000000000e+04,2.001000000000000000e+03,1.377000000000000000e+03,1.372000000000000000e+03,1.214000000000000000e+03,5.980000000000000000e+02,5.900000000000000000e+02,6.010000000000000000e+02,7.087500000000000000e+04,7.095000000000000000e+04,7.001300000000000000e+04,6.938200000000000000e+04,6.480700000000000000e+04,6.201100000000000000e+04,6.201300000000000000e+04,6.060800000000000000e+04,5.949200000000000000e+04,5.346400000000000000e+04,5.393900000000000000e+04,5.177000000000000000e+03,8.260000000000000000e+03,1.055400000000000000e+04,6.191000000000000000e+03,8.191000000000000000e+03,8.126000000000000000e+03,9.168000000000000000e+03,5.156000000000000000e+03,4.098000000000000000e+03,5.161000000000000000e+03,6.141000000000000000e+03,7.084000000000000000e+03,4.171000000000000000e+03,3.150000000000000000e+03,4.151000000000000000e+03,7.164000000000000000e+03,1.008200000000000000e+04,6.102000000000000000e+03,1.709600000000000000e+04,1.100000000000000000e+02,7.141000000000000000e+03,5.096000000000000000e+03,3.125000000000000000e+03,4.165000000000000000e+03,6.137000000000000000e+03,7.140000000000000000e+03,5.063000000000000000e+03,1.000000000000000000e+02,5.112000000000000000e+03,7.085000000000000000e+03,1.109500000000000000e+04,8.068000000000000000e+03,5.100000000000000000e+03,5.069000000000000000e+03,5.069000000000000000e+03,8.053000000000000000e+03,4.072000000000000000e+03,4.055000000000000000e+03,4.088000000000000000e+03,5.114000000000000000e+03,5.081000000000000000e+03,5.058000000000000000e+03,6.077000000000000000e+03,5.069000000000000000e+03,7.057000000000000000e+03,1.044000000000000000e+03,8.048000000000000000e+03,1.204500000000000000e+04,8.043000000000000000e+03,9.053000000000000000e+03,5.077000000000000000e+03,3.099000000000000000e+03,8.052000000000000000e+03,9.033000000000000000e+03,5.049000000000000000e+03,2.053000000000000000e+03,9.038000000000000000e+03,4.050000000000000000e+03,3.064000000000000000e+03,4.043000000000000000e+03,8.044000000000000000e+03
7.900000000000000000e+04,7.900000000000000000e+04,7.900000000000000000e+04,7.900000000000000000e+04,7.900000000000000000e+04,7.900000000000000000e+04,7.900000000000000000e+04,7.900000000000000000e+04,7.900000000000000000e+04,7.900000000000000000e+04,7.900000000000000000e+04,7.900000000000000000e+04,7.900000000000000000e+04,7.900000000000000000e+04,7.900000000000000000e+04,7.900000000000000000e+04,7.900000000000000000e+04,7.900000000000000000e+04,7.900000000000000000e+04,7.900000000000000000e+04,7.900000000000000000e+04,7.900000000000000000e+04,3.490200000000000000e+04,1.678000000000000000e+03,1.531000000000000000e+03,1.374000000000000000e+03,1.063000000000000000e+03,7.400000000000000000e+02,5.970000000000000000e+02,7.390300000000000000e+04,7.137500000000000000e+04,7.100100000000000000e+04,6.987400000000000000e+04,7.009200000000000000e+04,6.459800000000000000e+04,6.210700000000000000e+04,6.279200000000000000e+04,6.122000000000000000e+04,5.994000000000000000e+04,5.316900000000000000e+04,5.399700000000000000e+04,8.989000000000000000e+03,3.675000000000000000e+03,7.793000000000000000e+03,2.132000000000000000e+03,3.211000000000000000e+03,8.681000000000000000e+03,3.134000000000000000e+03,4.251000000000000000e+03,6.164000000000000000e+03,4.197000000000000000e+03,5.161000000000000000e+03,8.106000000000000000e+03,1.011100000000000000e+04,1.142000000000000000e+03,2.122000000000000000e+03,3.110000000000000000e+03,1.013600000000000000e+04,4.115000000000000000e+03,8.088000000000000000e+03,1.113000000000000000e+03,1.009500000000000000e+04,8.108000000000000000e+03,2.111000000000000000e+03,6.088000000000000000e+03,5.131000000000000000e+03,8.116000000000000000e+03,8.087000000000000000e+03,6.076000000000000000e+03,6.107000000000000000e+03,6.083000000000000000e+03,3.088000000000000000e+03,3.077000000000000000e+03,5.078000000000000000e+03,1.105700000000000000e+04,1.306100000000000000e+04,7.113000000000000000e+03,7.065000000000000000e+03,4.068000000000000000e+03,1.204700000000000000e+04,5.076000000000000000e+03,7.059000000000000000e+03,1.205700000000000000e+04,5.072000000000000000e+03,1.105600000000000000e+04,1.006200000000000000e+04,1.305000000000000000e+04,9.050000000000000000e+03,6.047000000000000000e+03,3.052000000000000000e+03,6.051000000000000000e+03,1.406200000000000000e+04,3.069000000000000000e+03,3.055000000000000000e+03,1.005200000000000000e+04,9.048000000000000000e+03,6.076000000000000000e+03,8.036000000000000000e+03,7.043000000000000000e+03,6.059000000000000000e+03,4.062000000000000000e+03
7.900000000000000000e+04,7.900000000000000000e+04,7.900000000000000000e+04,7.900000000000000000e+04,7.900000000000000000e+04,7.900000000000000000e+04,7.900000000000000000e+04,7.900000000000000000e+04,7.900000000000000000e+04,7.900000000000000000e+04,7.900000000000000000e+04,7.900000000000000000e+04,7.900000000000000000e+04,7.900000000000000000e+04,7.900000000000000000e+04,7.900000000000000000e+04,7.900000000000000000e+04,7.900000000000000000e+04,7.900000000000000000e+04,7.900000000000000000e+04,7.900000000000000000e+04,7.900000000000000000e+04,7.900000000000000000e+04,3.205900000000000000e+04,1.992000000000000000e+03,1.850000000000000000e+03,1.526000000000000000e+03,9.150000000000000000e+02,9.090000000000000000e+02,7.490000000000000000e+02,5.920000000000000000e+02,7.169200000000000000e+04,7.159300000000000000e+04,7.107300000000000000e+04,6.990900000000000000e+04,6.891500000000000000e+04,6.449100000000000000e+04,6.244500000000000000e+04,6.083800000000000000e+04,6.059100000000000000e+04,6.031900000000000000e+04,5.230100000000000000e+04,5.410800000000000000e+04,5.721000000000000000e+03,4.943000000000000000e+03,7.538000000000000000e+03,4.460000000000000000e+03,1.038800000000000000e+04,1.130400000000000000e+04,8.306000000000000000e+03,2.528000000000000000e+03,4.474000000000000000e+03,3.368000000000000000e+03,3.121000000000000000e+03,5.117000000000000000e+03,1.187000000000000000e+03,5.144000000000000000e+03,7.126000000000000000e+03,3.155000000000000000e+03,2.219000000000000000e+03,6.125000000000000000e+03,6.123000000000000000e+03,1.102000000000000000e+03,3.114000000000000000e+03,2.130000000000000000e+03,5.092000000000000000e+03,2.108000000000000000e+03,4.096000000000000000e+03,3.108000000000000000e+03,4.105000000000000000e+03,1.207200000000000000e+04,9.071000000000000000e+03,1.111500000000000000e+04,6.084000000000000000e+03,6.093000000000000000e+03,5.081000000000000000e+03,9.122000000000000000e+03,4.072000000000000000e+03,3.140000000000000000e+03,8.104000000000000000e+03,5.105000000000000000e+03,9.064000000000000000e+03,4.081000000000000000e+03,6.066000000000000000e+03,9.054000000000000000e+03,3.083000000000000000e+03,8.058000000000000000e+03,6.056000000000000000e+03,6.048000000000000000e+03,8.050000000000000000e+03,2.072000000000000000e+03,1.305500000000000000e+04,1.103800000000000000e+04,8.051000000000000000e+03,5.058000000000000000e+03,4.066000000000000000e+03,6.060000000000000000e+03,4.053000000000000000e+03,4.066000000000000000e+03,6.073000000000000000e+03,6.047000000000000000e+03
7.900000000000000000e+04,7.900000000000000000e+04,7.900000000000000000e+04,7.900000000000000000e+04,7.900000000000000000e+04,7.900000000000000000e+04,7.900000000000000000e+04,7.900000000000000000e+04,7.900000000000000000e+04,7.900000000000000000e+04,7.900000000000000000e+04,7.900000000000000000e+04,7.900000000000000000e+04,7.900000000000000000e+04,7.900000000000000000e+04,7.900000000000000000e+04,7.900000000000000000e+04,7.900000000000000000e+04,7.900000000000000000e+04,7.900000000000000000e+04,7.900000000000000000e+04,7.900000000000000000e+04,7.900000000000000000e+04,7.900000000000000000e+04,3.110200000000000000e+04,4.498000000000000000e+03,2.008000000000000000e+03,1.221000000000000000e+03,1.533000000000000000e+03,9.140000000000000000e+02,5.890000000000000000e+02,7.580000000000000000e+02,7.141100000000000000e+04,7.137700000000000000e+04,7.117000000000000000e+04,7.094300000000000000e+04,6.869100000000000000e+04,6.454800000000000000e+04,6.207000000000000000e+04,6.093000000000000000e+04,5.974900000000000000e+04,6.040600000000000000e+04,5.334900000000000000e+04,5.383300000000000000e+04,2.513600000000000000e+04,1.039800000000000000e+04,5.652000000000000000e+03,1.361000000000000000e+03,5.491000000000000000e+03,6.272000000000000000e+03,5.266000000000000000e+03,5.499000000000000000e+03,8.243000000000000000e+03,7.190000000000000000e+03,2.240000000000000000e+03,2.150000000000000000e+03,7.149000000000000000e+03,2.116000000000000000e+03,4.125000000000000000e+03,4.128000000000000000e+03,7.106000000000000000e+03,8.120000000000000000e+03,7.127000000000000000e+03,1.109000000000000000e+03,2.143000000000000000e+03,5.161000000000000000e+03,6.114000000000000000e+03,5.104000000000000000e+03,2.155000000000000000e+03,8.086000000000000000e+03,4.101000000000000000e+03,7.112000000000000000e+03,6.118000000000000000e+03,6.083000000000000000e+03,6.075000000000000000e+03,1.305700000000000000e+04,6.094000000000000000e+03,2.098000000000000000e+03,9.089000000000000000e+03,2.086000000000000000e+03,8.107000000000000000e+03,9.055000000000000000e+03,5.070000000000000000e+03,8.060000000000000000e+03,9.098000000000000000e+03,5.092000000000000000e+03,1.206700000000000000e+04,1.005000000000000000e+04,1.004300000000000000e+04,5.067000000000000000e+03,4.081000000000000000e+03,6.055000000000000000e+03,9.073000000000000000e+03,3.078000000000000000e+03,2.064000000000000000e+03,5.043000000000000000e+03,3.059000000000000000e+03,2.054000000000000000e+03,1.003600000000000000e+04,6.058000000000000000e+03,7.055000000000000000e+03
7.900000000000000000e+04,7.900000000000000000e+04,7.900000000000000000e+04,7.900000000000000000e+04,7.900000000000000000e+04,7.900000000000000000e+04,7.900000000000000000e+04,7.900000000000000000e+04,7.900000000000000000e+04,7.900000000000000000e+04,7.900000000000000000e+04,7.900000000000000000e+04,7.900000000000000000e+04,7.900000000000000000e+04,7.900000000000000000e+04,7.900000000000000000e+04,7.900000000000000000e+04,7.900000000000000000e+04,7.900000000000000000e+04,7.900000000000000000e+04,7.900000000000000000e+04,7.900000000000000000e+04,7.900000000000000000e+04,7.900000000000000000e+04,7.900000000000000000e+04,7.896900000000000000e+04,4.524000000000000000e+03,1.855000000000000000e+03,1.225000000000000000e+03,1.550000000000000000e+03,9.170000000000000000e+02,7.480000000000000000e+02,7.466400000000000000e+04,7.380300000000000000e+04,7.138100000000000000e+04,7.156500000000000000e+04,7.089800000000000000e+04,6.885200000000000000e+04,6.675200000000000000e+04,6.271600000000000000e+04,6.195100000000000000e+04,6.066100000000000000e+04,5.982200000000000000e+04,5.424000000000000000e+04,5.382900000000000000e+04,5.484000000000000000e+03,7.867000000000000000e+03,9.649000000000000000e+03,6.523000000000000000e+03,5.896000000000000000e+03,7.404000000000000000e+03,2.190000000000000000e+02,8.210000000000000000e+03,7.267000000000000000e+03,5.239000000000000000e+03,3.146000000000000000e+03,5.177000000000000000e+03,4.119000000000000000e+03,5.117000000000000000e+03,2.132000000000000000e+03,8.112000000000000000e+03,1.012000000000000000e+04,9.106000000000000000e+03,8.106000000000000000e+03,4.108000000000000000e+03,4.139000000000000000e+03,9.095000000000000000e+03,4.093000000000000000e+03,5.120000000000000000e+03,2.105000000000000000e+03,8.078000000000000000e+03,3.114000000000000000e+03,5.100000000000000000e+03,1.010800000000000000e+04,5.123000000000000000e+03,5.072000000000000000e+03,2.077000000000000000e+03,4.084000000000000000e+03,5.086000000000000000e+03,4.126000000000000000e+03,3.090000000000000000e+03,1.005300000000000000e+04,1.205400000000000000e+04,8.073000000000000000e+03,7.112000000000000000e+03,6.075000000000000000e+03,5.062000000000000000e+03,2.078000000000000000e+03,8.066000000000000000e+03,8.064000000000000000e+03,3.054000000000000000e+03,1.005400000000000000e+04,7.044000000000000000e+03,7.000000000000000000e+01,3.058000000000000000e+03,8.069000000000000000e+03,5.082000000000000000e+03,5.051000000000000000e+03,9.055000000000000000e+03,7.069000000000000000e+03,8.046000000000000000e+03
7.900000000000000000e+04,7.900000000000000000e+04,7.900000000000000000e+04,7.900000000000000000e+04,7.900000000000000000e+04,7.900000000000000000e+04,7.900000000000000000e+04,7.900000000000000000e+04,7.900000000000000000e+04,7.900000000000000000e+04,7.900000000000000000e+04,7.900000000000000000e+04,7.900000000000000000e+04,7.900000000000000000e+04,7.900000000000000000e+04,7.900000000000000000e+04,7.900000000000000000e+04,7.900000000000000000e+04,7.900000000000000000e+04,7.900000000000000000e+04,7.900000000000000000e+04,7.900000000000000000e+04,7.900000000000000000e+04,7.900000000000000000e+04,7.900000000000000000e+04,7.900000000000000000e+04,7.897300000000000000e+04,3.720000000000000000e+03,1.530000000000000000e+03,1.678000000000000000e+03,1.370000000000000000e+03,9.100000000000000000e+02,1.213000000000000000e+03,7.400000000000000000e+02,7.369300000000000000e+04,7.157300000000000000e+04,7.162500000000000000e+04,7.093300000000000000e+04,7.010000000000000000e+04,6.656700000000000000e+04,6.439300000000000000e+04,6.248500000000000000e+04,6.050600000000000000e+04,6.015900000000000000e+04,6.025000000000000000e+04,5.467300000000000000e+04,5.462200000000000000e+04,1.256500000000000000e+04,3.431000000000000000e+03,8.816000000000000000e+03,2.840000000000000000e+02,6.298000000000000000e+03,9.464000000000000000e+03,3.149000000000000000e+03,5.165000000000000000e+03,2.213000000000000000e+03,4.189000000000000000e+03,5.201000000000000000e+03,2.139000000000000000e+03,1.144000000000000000e+03,1.116000000000000000e+03,5.144000000000000000e+03,2.109000000000000000e+03,5.178000000000000000e+03,1.135000000000000000e+03,8.136000000000000000e+03,6.114000000000000000e+03,1.109000000000000000e+03,2.115000000000000000e+03,1.009300000000000000e+04,6.086000000000000000e+03,1.010500000000000000e+04,8.076000000000000000e+03,8.067000000000000000e+03,3.120000000000000000e+03,4.088000000000000000e+03,2.082000000000000000e+03,7.102000000000000000e+03,5.080000000000000000e+03,3.083000000000000000e+03,7.078000000000000000e+03,1.011600000000000000e+04,8.074000000000000000e+03,5.072000000000000000e+03,1.006700000000000000e+04,4.107000000000000000e+03,6.082000000000000000e+03,5.096000000000000000e+03,5.091000000000000000e+03,4.069000000000000000e+03,1.204400000000000000e+04,4.069000000000000000e+03,4.071000000000000000e+03,1.007500000000000000e+04,8.060000000000000000e+03,8.064000000000000000e+03,5.081000000000000000e+03,4.066000000000000000e+03,9.052000000000000000e+03,7.050000000000000000e+03,3.048000000000000000e+03
7.900000000000000000e+04,7.900000000000000000e+04,7.900000000000000000e+04,7.900000000000000000e+04,7.900000000000000000e+04,7.900000000000000000e+04,7.900000000000000000e+04,7.900000000000000000e+04,7.900000000000000000e+04,7.900000000000000000e+04,7.900000000000000000e+04,7.900000000000000000e+04,7.900000000000000000e+04,7.900000000000000000e+04,7.900000000000000000e+04,7.900000000000000000e+04,7.900000000000000000e+04,7.900000000000000000e+04,7.900000000000000000e+04,7.900000000000000000e+04,7.900000000000000000e+04,7.900000000000000000e+04,7.900000000000000000e+04,7.900000000000000000e+04,7.900000000000000000e+04,7.900000000000000000e+04,7.900000000000000000e+04,7.900000000000000000e+04,2.924000000000000000e+04,1.682000000000000000e+03,2.012000000000000000e+03,1.687000000000000000e+03,1.213000000000000000e+03,7.490000000000000000e+02,7.447100000000000000e+04,7.384700000000000000e+04,7.364500000000000000e+04,7.157000000000000000e+04,7.161400000000000000e+04,6.989000000000000000e+04,6.804300000000000000e+04,6.459500000000000000e+04,6.434400000000000000e+04,6.103100000000000000e+04,6.068500000000000000e+04,5.984700000000000000e+04,5.474000000000000000e+04,5.446700000000000000e+04,4.153000000000000000e+03,1.770100000000000000e+04,1.045200000000000000e+04,5.144000000000000000e+03,3.132000000000000000e+03,4.150000000000000000e+03,3.357000000000000000e+03,3.126000000000000000e+03,4.280000000000000000e+03,1.014000000000000000e+04,5.128000000000000000e+03,5.213000000000000000e+03,4.120000000000000000e+03,4.146000000000000000e+03,8.098000000000000000e+03,8.134000000000000000e+03,2.124000000000000000e+03,7.090000000000000000e+03,9.110000000000000000e+03,5.120000000000000000e+03,3.126000000000000000e+03,7.111000000000000000e+03,6.084000000000000000e+03,7.078000000000000000e+03,2.115000000000000000e+03,3.093000000000000000e+03,7.097000000000000000e+03,7.076000000000000000e+03,4.105000000000000000e+03,1.040000000000000000e+02,5.102000000000000000e+03,5.100000000000000000e+03,7.113000000000000000e+03,7.076000000000000000e+03,1.008300000000000000e+04,6.077000000000000000e+03,9.085000000000000000e+03,9.107000000000000000e+03,9.098000000000000000e+03,1.105900000000000000e+04,1.008500000000000000e+04,9.100000000000000000e+01,7.081000000000000000e+03,5.086000000000000000e+03,5.068000000000000000e+03,1.206800000000000000e+04,4.082000000000000000e+03,8.062000000000000000e+03,8.051000000000000000e+03,6.083000000000000000e+03,4.067000000000000000e+03,8.053000000000000000e+03,7.072000000000000000e+03
7.900000000000000000e+04,7.900000000000000000e+04,7.900000000000000000e+04,7.900000000000000000e+04,7.900000000000000000e+04,7.900000000000000000e+04,7.900000000000000000e+04,7.900000000000000000e+04,7.900000000000000000e+04,7.900000000000000000e+04,7.900000000000000000e+04,7.900000000000000000e+04,7.900000000000000000e+04,7.900000000000000000e+04,7.900000000000000000e+04,7.900000000000000000e+04,7.900000000000000000e+04,7.900000000000000000e+04,7.900000000000000000e+04,7.900000000000000000e+04,7.900000000000000000e+04,7.900000000000000000e+04,7.900000000000000000e+04,7.900000000000000000e+04,7.900000000000000000e+04,7.900000000000000000e+04,7.900000000000000000e+04,7.900000000000000000e+04,7.900000000000000000e+04,3.723400000000000000e+04,4.059000000000000000e+03,1.848000000000000000e+03,1.527000000000000000e+03,1.231000000000000000e+03,9.110000000000000000e+02,9.110000000000000000e+02,7.373100000000000000e+04,7.368800000000000000e+04,7.132600000000000000e+04,7.149200000000000000e+04,7.138300000000000000e+04,6.830700000000000000e+04,6.676500000000000000e+04,6.429400000000000000e+04,6.085200000000000000e+04,6.126100000000000000e+04,5.950100000000000000e+04,5.523500000000000000e+04,2.355700000000000000e+04,5.463000000000000000e+04,4.369000000000000000e+03,7.653000000000000000e+03,1.375000000000000000e+04,6.416000000000000000e+03,5.217000000000000000e+03,6.282000000000000000e+03,3.152000000000000000e+03,9.175000000000000000e+03,8.151000000000000000e+03,6.108000000000000000e+03,7.113000000000000000e+03,2.179000000000000000e+03,5.105000000000000000e+03,1.124000000000000000e+03,1.108300000000000000e+04,4.097000000000000000e+03,5.141000000000000000e+03,5.135000000000000000e+03,4.150000000000000000e+03,7.110000000000000000e+03,1.011500000000000000e+04,6.111000000000000000e+03,4.109000000000000000e+03,4.087000000000000000e+03,4.109000000000000000e+03,1.009100000000000000e+04,8.148000000000000000e+03,7.153000000000000000e+03,6.120000000000000000e+03,7.106000000000000000e+03,3.127000000000000000e+03,2.144000000000000000e+03,1.206300000000000000e+04,9.070000000000000000e+03,7.097000000000000000e+03,9.066000000000000000e+03,7.092000000000000000e+03,2.073000000000000000e+03,1.204600000000000000e+04,5.099000000000000000e+03,1.305700000000000000e+04,2.086000000000000000e+03,1.006200000000000000e+04,4.098000000000000000e+03,7.061000000000000000e+03,1.006400000000000000e+04,6.080000000000000000e+03,5.078000000000000000e+03,3.088000000000000000e+03,5.078000000000000000e+03,1.006100000000000000e+04
7.900000000000000000e+04,7.900000000000000000e+04,7.900000000000000000e+04,7.900000000000000000e+04,7.900000000000000000e+04,7.900000000000000000e+04,7.900000000000000000e+04,7.900000000000000000e+04,7.900000000000000000e+04,7.900000000000000000e+04,7.900000000000000000e+04,7.900000000000000000e+04,7.900000000000000000e+04,7.900000000000000000e+04,7.900000000000000000e+04,7.900000000000000000e+04,7.900000000000000000e+04,7.900000000000000000e+04,7.900000000000000000e+04,7.900000000000000000e+04,7.900000000000000000e+04,7.900000000000000000e+04,7.900000000000000000e+04,7.900000000000000000e+04,7.900000000000000000e+04,7.900000000000000000e+04,7.900000000000000000e+04,7.900000000000000000e+04,7.900000000000000000e+04,7.900000000000000000e+04,4.084500000000000000e+04,3.734000000000000000e+03,1.846000000000000000e+03,1.844000000000000000e+03,1.370000000000000000e+03,1.060000000000000000e+03,1.221000000000000000e+03,7.367900000000000000e+04,7.381700000000000000e+04,7.359300000000000000e+04,7.130800000000000000e+04,7.158300000000000000e+04,6.818200000000000000e+04,6.805200000000000000e+04,6.450400000000000000e+04,6.422900000000000000e+04,6.101700000000000000e+04,6.051300000000000000e+04,5.444900000000000000e+04,5.481300000000000000e+04,5.485400000000000000e+04,4.068000000000000000e+03,3.884000000000000000e+03,1.016500000000000000e+04,6.418000000000000000e+03,3.328000000000000000e+03,6.165000000000000000e+03,4.435000000000000000e+03,3.186000000000000000e+03,4.122000000000000000e+03,7.184000000000000000e+03,2.124000000000000000e+03,2.197000000000000000e+03,5.092000000000000000e+03,2.124000000000000000e+03,3.126000000000000000e+03,6.127000000000000000e+03,3.130000000000000000e+03,9.131000000000000000e+03,7.111000000000000000e+03,4.135000000000000000e+03,9.094000000000000000e+03,4.137000000000000000e+03,7.097000000000000000e+03,3.113000000000000000e+03,1.102000000000000000e+03,9.800000000000000000e+01,8.108000000000000000e+03,1.300000000000000000e+02,4.102000000000000000e+03,6.110000000000000000e+03,7.107000000000000000e+03,1.450000000000000000e+02,6.086000000000000000e+03,2.097000000000000000e+03,6.068000000000000000e+03,2.085000000000000000e+03,4.082000000000000000e+03,7.079000000000000000e+03,6.083000000000000000e+03,4.060000000000000000e+03,3.071000000000000000e+03,7.097000000000000000e+03,7.067000000000000000e+03,8.095000000000000000e+03,5.087000000000000000e+03,7.080000000000000000e+03,7.049000000000000000e+03,1.006200000000000000e+04,5.062000000000000000e+03,1.205200000000000000e+04
7.900000000000000000e+04,7.900000000000000000e+04,7.900000000000000000e+04,7.900000000000000000e+04,7.900000000000000000e+04,7.900000000000000000e+04,7.900000000000000000e+04,7.900000000000000000e+04,7.900000000000000000e+04,7.900000000000000000e+04,7.900000000000000000e+04,7.900000000000000000e+04,7.900000000000000000e+04,7.900000000000000000e+04,7.900000000000000000e+04,7.900000000000000000e+04,7.900000000000000000e+04,7.900000000000000000e+04,7.900000000000000000e+04,7.900000000000000000e+04,7.900000000000000000e+04,7.900000000000000000e+04,7.900000000000000000e+04,7.900000000000000000e+04,7.900000000000000000e+04,7.900000000000000000e+04,7.900000000000000000e+04,7.900000000000000000e+04,7.900000000000000000e+04,7.900000000000000000e+04,7.900000000000000000e+04,3.284700000000000000e+04,2.958000000000000000e+03,2.152000000000000000e+03,1.849000000000000000e+03,1.215000000000000000e+03,1.209000000000000000e+03,7.527800000000000000e+04,7.352000000000000000e+04,7.371700000000000000e+04,7.380000000000000000e+04,7.136300000000000000e+04,7.150800000000000000e+04,7.075700000000000000e+04,6.819800000000000000e+04,6.569700000000000000e+04,6.475500000000000000e+04,6.310400000000000000e+04,6.040500000000000000e+04,5.992000000000000000e+04,5.333400000000000000e+04,5.363200000000000000e+04,9.914000000000000000e+03,9.427000000000000000e+03,8.883000000000000000e+03,1.218700000000000000e+04,7.191000000000000000e+03,2.640000000000000000e+02,3.169000000000000000e+03,4.566000000000000000e+03,6.287000000000000000e+03,1.311300000000000000e+04,8.159000000000000000e+03,3.101000000000000000e+03,7.196000000000000000e+03,2.163000000000000000e+03,5.114000000000000000e+03,4.098000000000000000e+03,6.190000000000000000e+03,5.129000000000000000e+03,4.123000000000000000e+03,2.096000000000000000e+03,6.128000000000000000e+03,6.123000000000000000e+03,4.110000000000000000e+03,7.115000000000000000e+03,5.093000000000000000e+03,3.087000000000000000e+03,6.077000000000000000e+03,3.084000000000000000e+03,7.085000000000000000e+03,4.123000000000000000e+03,6.086000000000000000e+03,3.139000000000000000e+03,8.090000000000000000e+03,5.109000000000000000e+03,5.103000000000000000e+03,3.087000000000000000e+03,2.078000000000000000e+03,2.086000000000000000e+03,8.067000000000000000e+03,9.600000000000000000e+01,8.087000000000000000e+03,5.092000000000000000e+03,8.067000000000000000e+03,7.082000000000000000e+03,7.070000000000000000e+03,4.074000000000000000e+03,1.009000000000000000e+04,1.005200000000000000e+04,5.062000000000000000e+03
7.900000000000000000e+04,7.900000000000000000e+04,7.900000000000000000e+04,7.900000000000000000e+04,7.900000000000000000e+04,7.900000000000000000e+04,7.900000000000000000e+04,7.900000000000000000e+04,7.900000000000000000e+04,7.900000000000000000e+04,7.900000000000000000e+04,7.900000000000000000e+04,7.900000000000000000e+04,7.900000000000000000e+04,7.900000000000000000e+04,7.900000000000000000e+04,7.900000000000000000e+04,7.900000000000000000e+04,7.900000000000000000e+04,7.900000000000000000e+04,7.900000000000000000e+04,7.900000000000000000e+04,7.900000000000000000e+04,7.900000000000000000e+04,7.900000000000000000e+04,7.900000000000000000e+04,7.900000000000000000e+04,7.900000000000000000e+04,7.900000000000000000e+04,7.900000000000000000e+04,7.900000000000000000e+04,7.900000000000000000e+04,7.896900000000000000e+04,6.063000000000000000e+03,1.856000000000000000e+03,2.146000000000000000e+03,1.222000000000000000e+03,1.376000000000000000e+03,9.190000000000000000e+02,7.591000000000000000e+04,7.390400000000000000e+04,7.377500000000000000e+04,7.368100000000000000e+04,7.132800000000000000e+04,7.080300000000000000e+04,6.843100000000000000e+04,6.632800000000000000e+04,6.438800000000000000e+04,6.316300000000000000e+04,6.248600000000000000e+04,6.055700000000000000e+04,5.409400000000000000e+04,5.382900000000000000e+04,5.415700000000000000e+04,2.181000000000000000e+03,3.972000000000000000e+03,5.976000000000000000e+03,8.278000000000000000e+03,3.189000000000000000e+03,6.460000000000000000e+03,5.992000000000000000e+03,7.136000000000000000e+03,2.260000000000000000e+02,3.191000000000000000e+03,3.120000000000000000e+03,2.220000000000000000e+03,3.435000000000000000e+03,5.160000000000000000e+03,8.120000000000000000e+03,6.082000000000000000e+03,3.093000000000000000e+03,7.106000000000000000e+03,9.090000000000000000e+03,5.148000000000000000e+03,5.117000000000000000e+03,5.112000000000000000e+03,5.135000000000000000e+03,6.101000000000000000e+03,7.097000000000000000e+03,7.109000000000000000e+03,5.086000000000000000e+03,4.098000000000000000e+03,5.093000000000000000e+03,3.100000000000000000e+03,7.078000000000000000e+03,3.128000000000000000e+03,3.083000000000000000e+03,9.114000000000000000e+03,9.068000000000000000e+03,5.076000000000000000e+03,4.102000000000000000e+03,1.007700000000000000e+04,8.080000000000000000e+03,1.108000000000000000e+04,5.077000000000000000e+03,5.073000000000000000e+03,8.066000000000000000e+03,3.096000000000000000e+03,4.071000000000000000e+03,7.081000000000000000e+03,7.075000000000000000e+03
7.900000000000000000e+04,7.900000000000000000e+04,7.900000000000000000e+04,7.900000000000000000e+04,7.900000000000000000e+04,7.900000000000000000e+04,7.900000000000000000e+04,7.900000000000000000e+04,7.900000000000000000e+04,7.900000000000000000e+04,7.900000000000000000e+04,7.900000000000000000e+04,7.900000000000000000e+04,7.900000000000000000e+04,7.900000000000000000e+04,7.900000000000000000e+04,7.900000000000000000e+04,7.900000000000000000e+04,7.900000000000000000e+04,7.900000000000000000e+04,7.900000000000000000e+04,7.900000000000000000e+04,7.900000000000000000e+04,7.900000000000000000e+04,7.900000000000000000e+04,7.900000000000000000e+04,7.900000000000000000e+04,7.900000000000000000e+04,7.900000000000000000e+04,7.900000000000000000e+04,7.900000000000000000e+04,7.900000000000000000e+04,7.900000000000000000e+04,7.897600000000000000e+04,4.659000000000000000e+03,2.307000000000000000e+03,2.153000000000000000e+03,1.535000000000000000e+03,1.222000000000000000e+03,7.534900000000000000e+04,7.582400000000000000e+04,7.363100000000000000e+04,7.367900000000000000e+04,7.380800000000000000e+04,7.124900000000000000e+04,7.070400000000000000e+04,6.945900000000000000e+04,6.581500000000000000e+04,6.626600000000000000e+04,6.302700000000000000e+04,6.289000000000000000e+04,6.019600000000000000e+04,6.026900000000000000e+04,5.483100000000000000e+04,5.521400000000000000e+04,8.022000000000000000e+03,6.297000000000000000e+03,9.648000000000000000e+03,1.049000000000000000e+04,5.300000000000000000e+02,3.388000000000000000e+03,2.319000000000000000e+03,7.503000000000000000e+03,4.217000000000000000e+03,6.152000000000000000e+03,3.227000000000000000e+03,1.189000000000000000e+03,5.126000000000000000e+03,4.203000000000000000e+03,3.110000000000000000e+03,3.196000000000000000e+03,7.095000000000000000e+03,7.127000000000000000e+03,5.123000000000000000e+03,4.103000000000000000e+03,3.106000000000000000e+03,4.106000000000000000e+03,4.103000000000000000e+03,5.118000000000000000e+03,2.115000000000000000e+03,3.092000000000000000e+03,9.074000000000000000e+03,9.096000000000000000e+03,5.108000000000000000e+03,6.080000000000000000e+03,4.076000000000000000e+03,5.100000000000000000e+03,3.088000000000000000e+03,1.106800000000000000e+04,6.109000000000000000e+03,2.122000000000000000e+03,5.115000000000000000e+03,7.070000000000000000e+03,5.084000000000000000e+03,8.100000000000000000e+03,8.073000000000000000e+03,7.069000000000000000e+03,2.067000000000000000e+03,1.005900000000000000e+04,5.057000000000000000e+03,3.108000000000000000e+03
7.900000000000000000e+04,7.900000000000000000e+04,7.900000000000000000e+04,7.900000000000000000e+04,7.900000000000000000e+04,7.900000000000000000e+04,7.900000000000000000e+04,7.900000000000000000e+04,7.900000000000000000e+04,7.900000000000000000e+04,7.900000000000000000e+04,7.900000000000000000e+04,7.900000000000000000e+04,7.900000000000000000e+04,7.900000000000000000e+04,7.900000000000000000e+04,7.900000000000000000e+04,7.900000000000000000e+04,7.900000000000000000e+04,7.900000000000000000e+04,7.900000000000000000e+04,7.900000000000000000e+04,7.900000000000000000e+04,7.900000000000000000e+04,7.900000000000000000e+04,7.900000000000000000e+04,7.900000000000000000e+04,7.900000000000000000e+04,7.900000000000000000e+04,7.900000000000000000e+04,7.900000000000000000e+04,7.900000000000000000e+04,7.900000000000000000e+04,7.900000000000000000e+04,7.898100000000000000e+04,2.908300000000000000e+04,3.245000000000000000e+03,2.007000000000000000e+03,1.216000000000000000e+03,1.216000000000000000e+03,1.377000000000000000e+03,7.576600000000000000e+04,7.580600000000000000e+04,7.361300000000000000e+04,7.368200000000000000e+04,7.393300000000000000e+04,7.083100000000000000e+04,6.908800000000000000e+04,6.763100000000000000e+04,6.581800000000000000e+04,6.599000000000000000e+04,6.302000000000000000e+04,6.238900000000000000e+04,6.049400000000000000e+04,5.305300000000000000e+04,5.520100000000000000e+04,1.458000000000000000e+04,8.365000000000000000e+03,7.455000000000000000e+03,1.443500000000000000e+04,5.163000000000000000e+03,6.746000000000000000e+03,6.351000000000000000e+03,3.230000000000000000e+03,4.608000000000000000e+03,4.218000000000000000e+03,5.198000000000000000e+03,4.135000000000000000e+03,2.116000000000000000e+03,1.143000000000000000e+03,4.223000000000000000e+03,3.143000000000000000e+03,6.101000000000000000e+03,7.096000000000000000e+03,4.108000000000000000e+03,3.137000000000000000e+03,1.106000000000000000e+03,5.153000000000000000e+03,3.169000000000000000e+03,6.123000000000000000e+03,6.171000000000000000e+03,8.084000000000000000e+03,3.110000000000000000e+03,2.109000000000000000e+03,6.114000000000000000e+03,2.106000000000000000e+03,5.091000000000000000e+03,7.086000000000000000e+03,1.106000000000000000e+03,3.088000000000000000e+03,3.091000000000000000e+03,1.107700000000000000e+04,4.102000000000000000e+03,5.113000000000000000e+03,4.075000000000000000e+03,7.069000000000000000e+03,5.074000000000000000e+03,7.074000000000000000e+03,6.082000000000000000e+03,4.081000000000000000e+03,6.099000000000000000e+03
7.900000000000000000e+04,7.900000000000000000e+04,7.900000000000000000e+04,7.900000000000000000e+04,7.900000000000000000e+04,7.900000000000000000e+04,7.900000000000000000e+04,7.900000000000000000e+04,7.900000000000000000e+04,7.900000000000000000e+04,7.900000000000000000e+04,7.900000000000000000e+04,7.900000000000000000e+04,7.900000000000000000e+04,7.900000000000000000e+04,7.900000000000000000e+04,7.900000000000000000e+04,7.900000000000000000e+04,7.900000000000000000e+04,7.900000000000000000e+04,7.900000000000000000e+04,7.900000000000000000e+04,7.900000000000000000e+04,7.900000000000000000e+04,7.900000000000000000e+04,7.900000000000000000e+04,7.900000000000000000e+04,7.900000000000000000e+04,7.900000000000000000e+04,7.900000000000000000e+04,7.900000000000000000e+04,7.900000000000000000e+04,7.900000000000000000e+04,7.900000000000000000e+04,7.900000000000000000e+04,7.897800000000000000e+04,2.872100000000000000e+04,3.883000000000000000e+03,1.391000000000000000e+03,1.687000000000000000e+03,1.375000000000000000e+03,1.528000000000000000e+03,7.575600000000000000e+04,7.587000000000000000e+04,7.379600000000000000e+04,7.379900000000000000e+04,7.368800000000000000e+04,7.088000000000000000e+04,6.934000000000000000e+04,6.935600000000000000e+04,6.627300000000000000e+04,6.588400000000000000e+04,6.285200000000000000e+04,6.198500000000000000e+04,6.212500000000000000e+04,5.479400000000000000e+04,5.454600000000000000e+04,5.429500000000000000e+04,1.147900000000000000e+04,4.387000000000000000e+03,1.395000000000000000e+04,3.065000000000000000e+03,5.170000000000000000e+03,7.511000000000000000e+03,7.672000000000000000e+03,3.262000000000000000e+03,3.188000000000000000e+03,7.238000000000000000e+03,7.202000000000000000e+03,3.136000000000000000e+03,8.216000000000000000e+03,4.148000000000000000e+03,1.127000000000000000e+03,3.095000000000000000e+03,4.100000000000000000e+03,2.098000000000000000e+03,3.135000000000000000e+03,6.090000000000000000e+03,2.146000000000000000e+03,4.116000000000000000e+03,5.101000000000000000e+03,5.100000000000000000e+03,5.140000000000000000e+03,4.096000000000000000e+03,9.100000000000000000e+03,5.090000000000000000e+03,3.131000000000000000e+03,1.090000000000000000e+02,3.103000000000000000e+03,5.092000000000000000e+03,4.097000000000000000e+03,1.101000000000000000e+03,3.091000000000000000e+03,8.087000000000000000e+03,2.103000000000000000e+03,7.108000000000000000e+03,7.086000000000000000e+03,8.068000000000000000e+03,7.097000000000000000e+03,3.082000000000000000e+03,8.085000000000000000e+03
7.900000000000000000e+04,7.900000000000000000e+04,7.900000000000000000e+04,7.900000000000000000e+04,7.900000000000000000e+04,7.900000000000000000e+04,7.900000000000000000e+04,7.900000000000000000e+04,7.900000000000000000e+04,7.900000000000000000e+04,7.900000000000000000e+04,7.900000000000000000e+04,7.900000000000000000e+04,7.900000000000000000e+04,7.900000000000000000e+04,7.900000000000000000e+04,7.900000000000000000e+04,7.900000000000000000e+04,7.900000000000000000e+04,7.900000000000000000e+04,7.900000000000000000e+04,7.900000000000000000e+04,7.900000000000000000e+04,7.900000000000000000e+04,7.900000000000000000e+04,7.900000000000000000e+04,7.900000000000000000e+04,7.900000000000000000e+04,7.900000000000000000e+04,7.900000000000000000e+04,7.900000000000000000e+04,7.900000000000000000e+04,7.900000000000000000e+04,7.900000000000000000e+04,7.900000000000000000e+04,7.900000000000000000e+04,7.900000000000000000e+04,2.795600000000000000e+04,3.875000000000000000e+03,2.008000000000000000e+03,2.011000000000000000e+03,1.546000000000000000e+03,1.676000000000000000e+03,7.573900000000000000e+04,7.579800000000000000e+04,7.375700000000000000e+04,7.372800000000000000e+04,7.368700000000000000e+04,7.103600000000000000e+04,7.089200000000000000e+04,6.939300000000000000e+04,6.757500000000000000e+04,6.594500000000000000e+04,6.463700000000000000e+04,6.331600000000000000e+04,6.223900000000000000e+04,6.267500000000000000e+04,5.380400000000000000e+04,5.394100000000000000e+04,8.182000000000000000e+03,9.850000000000000000e+02,7.899000000000000000e+03,8.238000000000000000e+03,9.000000000000000000e+03,6.381000000000000000e+03,3.310000000000000000e+03,6.186000000000000000e+03,6.704000000000000000e+03,4.191000000000000000e+03,3.237000000000000000e+03,4.195000000000000000e+03,7.109000000000000000e+03,4.109000000000000000e+03,4.134000000000000000e+03,5.122000000000000000e+03,8.130000000000000000e+03,2.122000000000000000e+03,3.214000000000000000e+03,4.142000000000000000e+03,6.118000000000000000e+03,8.177000000000000000e+03,3.162000000000000000e+03,3.098000000000000000e+03,1.200000000000000000e+02,4.107000000000000000e+03,5.089000000000000000e+03,2.119000000000000000e+03,1.099000000000000000e+03,4.108000000000000000e+03,2.109000000000000000e+03,4.125000000000000000e+03,6.076000000000000000e+03,9.093000000000000000e+03,4.111000000000000000e+03,6.098000000000000000e+03,5.087000000000000000e+03,4.085000000000000000e+03,5.112000000000000000e+03,1.150000000000000000e+03,5.091000000000000000e+03,6.066000000000000000e+03
7.900000000000000000e+04,7.900000000000000000e+04,7.900000000000000000e+04,7.900000000000000000e+04,7.900000000000000000e+04,7.900000000000000000e+04,7.900000000000000000e+04,7.900000000000000000e+04,7.900000000000000000e+04,7.900000000000000000e+04,7.900000000000000000e+04,7.900000000000000000e+04,7.900000000000000000e+04,7.900000000000000000e+04,7.900000000000000000e+04,7.900000000000000000e+04,7.900000000000000000e+04,7.900000000000000000e+04,7.900000000000000000e+04,7.900000000000000000e+04,7.900000000000000000e+04,7.900000000000000000e+04,7.900000000000000000e+04,7.900000000000000000e+04,7.900000000000000000e+04,7.900000000000000000e+04,7.900000000000000000e+04,7.900000000000000000e+04,7.900000000000000000e+04,7.900000000000000000e+04,7.900000000000000000e+04,7.900000000000000000e+04,7.900000000000000000e+04,7.900000000000000000e+04,7.900000000000000000e+04,7.900000000000000000e+04,7.900000000000000000e+04,7.900000000000000000e+04,4.151600000000000000e+04,4.034000000000000000e+03,1.698000000000000000e+03,1.700000000000000000e+03,1.847000000000000000e+03,1.707000000000000000e+03,7.582700000000000000e+04,7.571400000000000000e+04,7.573500000000000000e+04,7.355300000000000000e+04,7.374500000000000000e+04,7.380100000000000000e+04,7.092400000000000000e+04,6.936600000000000000e+04,6.727800000000000000e+04,6.605100000000000000e+04,6.451000000000000000e+04,6.463500000000000000e+04,6.209100000000000000e+04,6.209300000000000000e+04,5.362700000000000000e+04,5.410200000000000000e+04,5.486700000000000000e+04,5.046000000000000000e+03,9.900000000000000000e+03,1.085600000000000000e+04,6.281000000000000000e+03,8.257000000000000000e+03,7.920000000000000000e+02,5.731000000000000000e+03,7.267000000000000000e+03,4.123000000000000000e+03,6.173000000000000000e+03,1.245000000000000000e+03,3.107000000000000000e+03,2.121000000000000000e+03,9.120000000000000000e+03,4.134000000000000000e+03,5.101000000000000000e+03,4.111000000000000000e+03,6.104000000000000000e+03,7.135000000000000000e+03,5.168000000000000000e+03,8.106000000000000000e+03,5.103000000000000000e+03,3.151000000000000000e+03,4.143000000000000000e+03,3.143000000000000000e+03,4.168000000000000000e+03,3.093000000000000000e+03,4.099000000000000000e+03,3.122000000000000000e+03,7.080000000000000000e+03,7.087000000000000000e+03,5.095000000000000000e+03,1.160000000000000000e+02,4.116000000000000000e+03,5.094000000000000000e+03,5.127000000000000000e+03,4.078000000000000000e+03,8.105000000000000000e+03,7.110000000000000000e+03,8.077000000000000000e+03
7.900000000000000000e+04,7.900000000000000000e+04,7.900000000000000000e+04,7.900000000000000000e+04,7.900000000000000000e+04,7.900000000000000000e+04,7.900000000000000000e+04,7.900000000000000000e+04,7.900000000000000000e+04,7.900000000000000000e+04,7.900000000000000000e+04,7.900000000000000000e+04,7.900000000000000000e+04,7.900000000000000000e+04,7.900000000000000000e+04,7.900000000000000000e+04,7.900000000000000000e+04,7.900000000000000000e+04,7.900000000000000000e+04,7.900000000000000000e+04,7.900000000000000000e+04,7.900000000000000000e+04,7.900000000000000000e+04,7.900000000000000000e+04,7.900000000000000000e+04,7.900000000000000000e+04,7.900000000000000000e+04,7.900000000000000000e+04,7.900000000000000000e+04,7.900000000000000000e+04,7.900000000000000000e+04,7.900000000000000000e+04,7.900000000000000000e+04,7.900000000000000000e+04,7.900000000000000000e+04,7.900000000000000000e+04,7.900000000000000000e+04,7.900000000000000000e+04,7.900000000000000000e+04,4.774400000000000000e+04,5.130000000000000000e+03,1.539000000000000000e+03,2.168000000000000000e+03,1.525000000000000000e+03,1.376000000000000000e+03,7.689100000000000000e+04,7.580400000000000000e+04,7.588800000000000000e+04,7.383100000000000000e+04,7.381000000000000000e+04,7.359500000000000000e+04,7.352900000000000000e+04,6.911900000000000000e+04,6.738800000000000000e+04,6.724400000000000000e+04,6.604900000000000000e+04,6.480300000000000000e+04,6.238400000000000000e+04,6.259000000000000000e+04,5.628200000000000000e+04,5.336400000000000000e+04,5.463600000000000000e+04,1.667900000000000000e+04,9.336000000000000000e+03,2.043800000000000000e+04,6.986000000000000000e+03,1.125500000000000000e+04,1.217700000000000000e+04,3.214000000000000000e+03,6.326000000000000000e+03,5.719000000000000000e+03,6.115000000000000000e+03,8.129000000000000000e+03,4.137000000000000000e+03,9.091000000000000000e+03,2.152000000000000000e+03,5.195000000000000000e+03,2.222000000000000000e+03,3.109000000000000000e+03,8.088000000000000000e+03,1.220000000000000000e+02,4.112000000000000000e+03,7.124000000000000000e+03,3.146000000000000000e+03,1.009400000000000000e+04,4.105000000000000000e+03,7.145000000000000000e+03,5.137000000000000000e+03,4.150000000000000000e+03,1.104000000000000000e+03,2.090000000000000000e+03,6.122000000000000000e+03,1.115000000000000000e+03,2.088000000000000000e+03,5.111000000000000000e+03,5.128000000000000000e+03,2.104000000000000000e+03,4.117000000000000000e+03,4.083000000000000000e+03,1.009400000000000000e+04,3.087000000000000000e+03
7.900000000000000000e+04,7.900000000000000000e+04,7.900000000000000000e+04,7.900000000000000000e+04,7.900000000000000000e+04,7.900000000000000000e+04,7.900000000000000000e+04,7.900000000000000000e+04,7.900000000000000000e+04,7.900000000000000000e+04,7.900000000000000000e+04,7.900000000000000000e+04,7.900000000000000000e+04,7.900000000000000000e+04,7.900000000000000000e+04,7.900000000000000000e+04,7.900000000000000000e+04,7.900000000000000000e+04,7.900000000000000000e+04,7.900000000000000000e+04,7.900000000000000000e+04,7.900000000000000000e+04,7.900000000000000000e+04,7.900000000000000000e+04,7.900000000000000000e+04,7.900000000000000000e+04,7.900000000000000000e+04,7.900000000000000000e+04,7.900000000000000000e+04,7.900000000000000000e+04,7.900000000000000000e+04,7.900000000000000000e+04,7.900000000000000000e+04,7.900000000000000000e+04,7.900000000000000000e+04,7.900000000000000000e+04,7.900000000000000000e+04,7.900000000000000000e+04,7.900000000000000000e+04,7.900000000000000000e+04,7.896300000000000000e+04,3.585000000000000000e+03,4.513000000000000000e+03,1.698000000000000000e+03,1.531000000000000000e+03,1.381000000000000000e+03,7.693100000000000000e+04,7.590500000000000000e+04,7.585900000000000000e+04,7.580100000000000000e+04,7.366800000000000000e+04,7.359900000000000000e+04,7.346100000000000000e+04,6.945200000000000000e+04,6.949500000000000000e+04,6.753500000000000000e+04,6.736600000000000000e+04,6.470300000000000000e+04,6.407900000000000000e+04,6.239900000000000000e+04,6.221200000000000000e+04,5.604400000000000000e+04,5.375000000000000000e+04,5.629000000000000000e+03,9.053000000000000000e+03,9.406000000000000000e+03,1.414300000000000000e+04,8.095000000000000000e+03,8.209000000000000000e+03,7.226000000000000000e+03,3.177000000000000000e+03,8.196000000000000000e+03,2.382000000000000000e+03,4.205000000000000000e+03,5.145000000000000000e+03,4.134000000000000000e+03,3.162000000000000000e+03,4.226000000000000000e+03,4.157000000000000000e+03,3.103000000000000000e+03,5.117000000000000000e+03,1.009700000000000000e+04,3.099000000000000000e+03,1.153000000000000000e+03,9.800000000000000000e+01,1.018100000000000000e+04,4.124000000000000000e+03,2.107000000000000000e+03,1.280000000000000000e+02,2.097000000000000000e+03,7.099000000000000000e+03,3.096000000000000000e+03,7.087000000000000000e+03,4.085000000000000000e+03,8.115000000000000000e+03,3.123000000000000000e+03,8.090000000000000000e+03,9.091000000000000000e+03,9.087000000000000000e+03,6.084000000000000000e+03,2.110000000000000000e+03
7.900000000000000000e+04,7.900000000000000000e+04,7.900000000000000000e+04,7.900000000000000000e+04,7.900000000000000000e+04,7.900000000000000000e+04,7.900000000000000000e+04,7.900000000000000000e+04,7.900000000000000000e+04,7.900000000000000000e+04,7.900000000000000000e+04,7.900000000000000000e+04,7.900000000000000000e+04,7.900000000000000000e+04,7.900000000000000000e+04,7.900000000000000000e+04,7.900000000000000000e+04,7.900000000000000000e+04,7.900000000000000000e+04,7.900000000000000000e+04,7.900000000000000000e+04,7.900000000000000000e+04,7.900000000000000000e+04,7.900000000000000000e+04,7.900000000000000000e+04,7.900000000000000000e+04,7.900000000000000000e+04,7.900000000000000000e+04,7.900000000000000000e+04,7.900000000000000000e+04,7.900000000000000000e+04,7.900000000000000000e+04,7.900000000000000000e+04,7.900000000000000000e+04,7.900000000000000000e+04,7.900000000000000000e+04,7.900000000000000000e+04,7.900000000000000000e+04,7.900000000000000000e+04,7.900000000000000000e+04,7.900000000000000000e+04,7.897800000000000000e+04,3.348300000000000000e+04,4.042000000000000000e+03,1.836000000000000000e+03,2.160000000000000000e+03,1.372000000000000000e+03,7.682000000000000000e+04,7.677500000000000000e+04,7.590400000000000000e+04,7.586700000000000000e+04,7.378700000000000000e+04,7.366600000000000000e+04,7.362000000000000000e+04,7.285300000000000000e+04,6.917700000000000000e+04,6.762800000000000000e+04,6.731000000000000000e+04,6.446500000000000000e+04,6.512600000000000000e+04,6.445200000000000000e+04,6.269300000000000000e+04,5.459100000000000000e+04,5.600000000000000000e+04,5.394100000000000000e+04,4.792000000000000000e+03,4.991000000000000000e+03,4.649000000000000000e+03,5.516000000000000000e+03,1.096900000000000000e+04,5.467000000000000000e+03,2.246000000000000000e+03,2.356000000000000000e+03,4.547000000000000000e+03,5.261000000000000000e+03,5.174000000000000000e+03,3.269000000000000000e+03,3.199000000000000000e+03,7.117000000000000000e+03,8.154000000000000000e+03,4.139000000000000000e+03,9.104000000000000000e+03,3.109000000000000000e+03,1.080000000000000000e+02,3.102000000000000000e+03,5.098000000000000000e+03,6.143000000000000000e+03,5.138000000000000000e+03,6.116000000000000000e+03,6.109000000000000000e+03,6.102000000000000000e+03,1.214000000000000000e+04,8.120000000000000000e+03,2.103000000000000000e+03,4.085000000000000000e+03,5.093000000000000000e+03,6.097000000000000000e+03,3.111000000000000000e+03,3.129000000000000000e+03,6.093000000000000000e+03,3.125000000000000000e+03
7.900000000000000000e+04,7.900000000000000000e+04,7.900000000000000000e+04,7.900000000000000000e+04,7.900000000000000000e+04,7.900000000000000000e+04,7.900000000000000000e+04,7.900000000000000000e+04,7.900000000000000000e+04,7.900000000000000000e+04,7.900000000000000000e+04,7.900000000000000000e+04,7.900000000000000000e+04,7.900000000000000000e+04,7.900000000000000000e+04,7.900000000000000000e+04,7.900000000000000000e+04,7.900000000000000000e+04,7.900000000000000000e+04,7.900000000000000000e+04,7.900000000000000000e+04,7.900000000000000000e+04,7.900000000000000000e+04,7.900000000000000000e+04,7.900000000000000000e+04,7.900000000000000000e+04,7.900000000000000000e+04,7.900000000000000000e+04,7.900000000000000000e+04,7.900000000000000000e+04,7.900000000000000000e+04,7.900000000000000000e+04,7.900000000000000000e+04,7.900000000000000000e+04,7.900000000000000000e+04,7.900000000000000000e+04,7.900000000000000000e+04,7.900000000000000000e+04,7.900000000000000000e+04,7.900000000000000000e+04,7.900000000000000000e+04,7.900000000000000000e+04,7.896900000000000000e+04,3.346000000000000000e+04,3.106000000000000000e+03,1.860000000000000000e+03,2.016000000000000000e+03,1.532000000000000000e+03,7.686500000000000000e+04,7.683300000000000000e+04,7.585600000000000000e+04,7.570000000000000000e+04,7.364700000000000000e+04,7.362300000000000000e+04,7.349000000000000000e+04,7.285000000000000000e+04,6.925800000000000000e+04,6.753400000000000000e+04,6.750000000000000000e+04,6.582500000000000000e+04,6.488500000000000000e+04,6.448100000000000000e+04,6.231800000000000000e+04,5.478600000000000000e+04,5.650700000000000000e+04,5.347600000000000000e+04,1.082600000000000000e+04,5.053000000000000000e+03,2.982000000000000000e+03,1.429000000000000000e+03,1.422100000000000000e+04,4.117000000000000000e+03,5.264000000000000000e+03,4.164000000000000000e+03,2.300000000000000000e+03,1.136600000000000000e+04,3.181000000000000000e+03,2.492000000000000000e+03,4.133000000000000000e+03,5.105000000000000000e+03,1.290000000000000000e+02,8.096000000000000000e+03,4.116000000000000000e+03,6.113000000000000000e+03,1.009400000000000000e+04,6.094000000000000000e+03,2.109000000000000000e+03,4.117000000000000000e+03,1.123000000000000000e+03,1.164000000000000000e+03,3.102000000000000000e+03,7.127000000000000000e+03,6.142000000000000000e+03,4.102000000000000000e+03,3.205000000000000000e+03,5.092000000000000000e+03,3.093000000000000000e+03,3.092000000000000000e+03,9.100000000000000000e+01,6.101000000000000000e+03,6.094000000000000000e+03
7.900000000000000000e+04,7.900000000000000000e+04,7.900000000000000000e+04,7.900000000000000000e+04,7.900000000000000000e+04,7.900000000000000000e+04,7.900000000000000000e+04,7.900000000000000000e+04,7.900000000000000000e+04,7.900000000000000000e+04,7.900000000000000000e+04,7.900000000000000000e+04,7.900000000000000000e+04,7.900000000000000000e+04,7.900000000000000000e+04,7.900000000000000000e+04,7.900000000000000000e+04,7.900000000000000000e+04,7.900000000000000000e+04,7.900000000000000000e+04,7.900000000000000000e+04,7.900000000000000000e+04,7.900000000000000000e+04,7.900000000000000000e+04,7.900000000000000000e+04,7.900000000000000000e+04,7.900000000000000000e+04,7.900000000000000000e+04,7.900000000000000000e+04,7.900000000000000000e+04,7.900000000000000000e+04,7.900000000000000000e+04,7.900000000000000000e+04,7.900000000000000000e+04,7.900000000000000000e+04,7.900000000000000000e+04,7.900000000000000000e+04,7.900000000000000000e+04,7.900000000000000000e+04,7.900000000000000000e+04,7.900000000000000000e+04,7.900000000000000000e+04,7.900000000000000000e+04,7.896700000000000000e+04,3.867300000000000000e+04,4.193000000000000000e+03,2.010000000000000000e+03,2.162000000000000000e+03,7.589900000000000000e+04,7.693600000000000000e+04,7.691800000000000000e+04,7.591800000000000000e+04,7.576400000000000000e+04,7.575900000000000000e+04,7.373100000000000000e+04,7.360300000000000000e+04,7.358700000000000000e+04,7.284000000000000000e+04,6.779700000000000000e+04,6.728600000000000000e+04,6.787600000000000000e+04,6.451800000000000000e+04,6.384100000000000000e+04,6.418500000000000000e+04,6.234600000000000000e+04,5.561600000000000000e+04,5.597600000000000000e+04,5.376800000000000000e+04,2.998000000000000000e+03,3.696000000000000000e+03,6.631000000000000000e+03,2.304200000000000000e+04,8.969000000000000000e+03,6.226000000000000000e+03,3.228000000000000000e+03,4.190000000000000000e+03,3.132000000000000000e+03,6.188000000000000000e+03,6.107000000000000000e+03,1.124000000000000000e+03,7.260000000000000000e+03,1.133000000000000000e+03,6.126000000000000000e+03,3.207000000000000000e+03,3.158000000000000000e+03,3.125000000000000000e+03,6.106000000000000000e+03,1.103000000000000000e+03,5.095000000000000000e+03,2.113000000000000000e+03,9.121000000000000000e+03,4.119000000000000000e+03,4.084000000000000000e+03,4.116000000000000000e+03,4.129000000000000000e+03,2.142000000000000000e+03,8.121000000000000000e+03,3.100000000000000000e+03,6.107000000000000000e+03,1.108000000000000000e+03,7.087000000000000000e+03
7.900000000000000000e+04,7.900000000000000000e+04,7.900000000000000000e+04,7.900000000000000000e+04,7.900000000000000000e+04,7.900000000000000000e+04,7.900000000000000000e+04,7.900000000000000000e+04,7.900000000000000000e+04,7.900000000000000000e+04,7.900000000000000000e+04,7.900000000000000000e+04,7.900000000000000000e+04,7.900000000000000000e+04,7.900000000000000000e+04,7.900000000000000000e+04,7.900000000000000000e+04,7.900000000000000000e+04,7.900000000000000000e+04,7.900000000000000000e+04,7.900000000000000000e+04,7.900000000000000000e+04,7.900000000000000000e+04,7.900000000000000000e+04,7.900000000000000000e+04,7.900000000000000000e+04,7.900000000000000000e+04,7.900000000000000000e+04,7.900000000000000000e+04,7.900000000000000000e+04,7.900000000000000000e+04,7.900000000000000000e+04,7.900000000000000000e+04,7.900000000000000000e+04,7.900000000000000000e+04,7.900000000000000000e+04,7.900000000000000000e+04,7.900000000000000000e+04,7.900000000000000000e+04,7.900000000000000000e+04,7.900000000000000000e+04,7.900000000000000000e+04,7.900000000000000000e+04,7.900000000000000000e+04,7.897100000000000000e+04,2.942200000000000000e+04,5.607000000000000000e+03,1.699000000000000000e+03,1.695000000000000000e+03,1.370000000000000000e+03,7.682400000000000000e+04,7.691900000000000000e+04,7.684000000000000000e+04,7.584300000000000000e+04,7.590700000000000000e+04,7.374100000000000000e+04,7.370900000000000000e+04,7.350300000000000000e+04,7.279200000000000000e+04,6.732500000000000000e+04,6.749400000000000000e+04,6.751400000000000000e+04,6.611900000000000000e+04,6.408500000000000000e+04,6.444300000000000000e+04,6.405700000000000000e+04,5.603600000000000000e+04,5.496000000000000000e+04,5.612600000000000000e+04,6.414000000000000000e+03,7.537000000000000000e+03,3.469000000000000000e+03,9.628000000000000000e+03,1.079400000000000000e+04,2.260000000000000000e+03,3.207000000000000000e+03,3.242000000000000000e+03,3.333000000000000000e+03,3.289000000000000000e+03,5.108000000000000000e+03,3.201000000000000000e+03,3.161000000000000000e+03,8.145000000000000000e+03,6.164000000000000000e+03,1.450000000000000000e+02,5.114000000000000000e+03,5.136000000000000000e+03,4.101000000000000000e+03,7.093000000000000000e+03,1.146000000000000000e+03,4.123000000000000000e+03,8.101000000000000000e+03,4.106000000000000000e+03,6.096000000000000000e+03,8.104000000000000000e+03,4.109000000000000000e+03,6.109000000000000000e+03,7.119000000000000000e+03,4.146000000000000000e+03,4.099000000000000000e+03,9.088000000000000000e+03
7.900000000000000000e+04,7.900000000000000000e+04,7.900000000000000000e+04,7.900000000000000000e+04,7.900000000000000000e+04,7.900000000000000000e+04,7.900000000000000000e+04,7.900000000000000000e+04,7.900000000000000000e+04,7.900000000000000000e+04,7.900000000000000000e+04,7.900000000000000000e+04,7.900000000000000000e+04,7.900000000000000000e+04,7.900000000000000000e+04,7.900000000000000000e+04,7.900000000000000000e+04,7.900000000000000000e+04,7.900000000000000000e+04,7.900000000000000000e+04,7.900000000000000000e+04,7.900000000000000000e+04,7.900000000000000000e+04,7.900000000000000000e+04,7.900000000000000000e+04,7.900000000000000000e+04,7.900000000000000000e+04,7.900000000000000000e+04,7.900000000000000000e+04,7.900000000000000000e+04,7.900000000000000000e+04,7.900000000000000000e+04,7.900000000000000000e+04,7.900000000000000000e+04,7.900000000000000000e+04,7.900000000000000000e+04,7.900000000000000000e+04,7.900000000000000000e+04,7.900000000000000000e+04,7.900000000000000000e+04,7.900000000000000000e+04,7.900000000000000000e+04,7.900000000000000000e+04,7.900000000000000000e+04,7.900000000000000000e+04,7.900000000000000000e+04,2.888800000000000000e+04,3.738000000000000000e+03,2.307000000000000000e+03,1.688000000000000000e+03,1.847000000000000000e+03,7.691000000000000000e+04,7.683600000000000000e+04,7.686800000000000000e+04,7.589800000000000000e+04,7.585500000000000000e+04,7.366200000000000000e+04,7.381100000000000000e+04,7.338200000000000000e+04,7.286900000000000000e+04,7.287400000000000000e+04,6.762300000000000000e+04,6.735100000000000000e+04,6.643800000000000000e+04,6.597900000000000000e+04,6.407700000000000000e+04,6.429500000000000000e+04,5.577800000000000000e+04,5.572600000000000000e+04,5.673700000000000000e+04,5.497800000000000000e+04,6.205000000000000000e+03,4.077000000000000000e+03,7.078000000000000000e+03,9.560000000000000000e+03,5.774000000000000000e+03,7.164000000000000000e+03,4.157000000000000000e+03,7.192000000000000000e+03,9.119000000000000000e+03,3.144000000000000000e+03,5.200000000000000000e+03,1.297000000000000000e+03,2.227000000000000000e+03,5.137000000000000000e+03,6.134000000000000000e+03,3.231000000000000000e+03,1.165000000000000000e+03,5.109000000000000000e+03,3.121000000000000000e+03,4.097000000000000000e+03,3.125000000000000000e+03,2.120000000000000000e+03,3.122000000000000000e+03,4.107000000000000000e+03,3.102000000000000000e+03,8.113000000000000000e+03,1.134000000000000000e+03,4.109000000000000000e+03,4.099000000000000000e+03,5.113000000000000000e+03
7.900000000000000000e+04,7.900000000000000000e+04,7.900000000000000000e+04,7.900000000000000000e+04,7.900000000000000000e+04,7.900000000000000000e+04,7.900000000000000000e+04,7.900000000000000000e+04,7.900000000000000000e+04,7.900000000000000000e+04,7.900000000000000000e+04,7.900000000000000000e+04,7.900000000000000000e+04,7.900000000000000000e+04,7.900000000000000000e+04,7.900000000000000000e+04,7.900000000000000000e+04,7.900000000000000000e+04,7.900000000000000000e+04,7.900000000000000000e+04,7.900000000000000000e+04,7.900000000000000000e+04,7.900000000000000000e+04,7.900000000000000000e+04,7.900000000000000000e+04,7.900000000000000000e+04,7.900000000000000000e+04,7.900000000000000000e+04,7.900000000000000000e+04,7.900000000000000000e+04,7.900000000000000000e+04,7.900000000000000000e+04,7.900000000000000000e+04,7.900000000000000000e+04,7.900000000000000000e+04,7.900000000000000000e+04,7.900000000000000000e+04,7.900000000000000000e+04,7.900000000000000000e+04,7.900000000000000000e+04,7.900000000000000000e+04,7.900000000000000000e+04,7.900000000000000000e+04,7.900000000000000000e+04,7.900000000000000000e+04,7.900000000000000000e+04,7.900000000000000000e+04,3.739700000000000000e+04,4.061000000000000000e+03,3.423000000000000000e+03,2.013000000000000000e+03,1.692000000000000000e+03,7.684600000000000000e+04,7.683700000000000000e+04,7.681900000000000000e+04,7.580100000000000000e+04,7.589900000000000000e+04,7.583700000000000000e+04,7.348500000000000000e+04,7.351300000000000000e+04,7.279400000000000000e+04,7.290800000000000000e+04,6.756700000000000000e+04,6.735700000000000000e+04,6.605000000000000000e+04,6.655500000000000000e+04,6.434200000000000000e+04,6.434800000000000000e+04,6.441100000000000000e+04,5.621200000000000000e+04,5.610300000000000000e+04,5.591600000000000000e+04,4.234000000000000000e+03,5.979000000000000000e+03,8.907000000000000000e+03,3.937000000000000000e+03,7.124000000000000000e+03,6.370000000000000000e+03,3.323000000000000000e+03,8.282000000000000000e+03,8.190000000000000000e+03,8.167000000000000000e+03,5.196000000000000000e+03,2.135000000000000000e+03,5.171000000000000000e+03,2.166000000000000000e+03,2.250000000000000000e+02,9.097000000000000000e+03,5.154000000000000000e+03,7.163000000000000000e+03,6.094000000000000000e+03,3.100000000000000000e+03,5.103000000000000000e+03,3.108000000000000000e+03,1.106000000000000000e+03,4.099000000000000000e+03,2.125000000000000000e+03,7.103000000000000000e+03,7.145000000000000000e+03,3.122000000000000000e+03,5.175000000000000000e+03
7.900000000000000000e+04,7.900000000000000000e+04,7.900000000000000000e+04,7.900000000000000000e+04,7.900000000000000000e+04,7.900000000000000000e+04,7.900000000000000000e+04,7.900000000000000000e+04,7.900000000000000000e+04,7.900000000000000000e+04,7.900000000000000000e+04,7.900000000000000000e+04,7.900000000000000000e+04,7.900000000000000000e+04,7.900000000000000000e+04,7.900000000000000000e+04,7.900000000000000000e+04,7.900000000000000000e+04,7.900000000000000000e+04,7.900000000000000000e+04,7.900000000000000000e+04,7.900000000000000000e+04,7.900000000000000000e+04,7.900000000000000000e+04,7.900000000000000000e+04,7.900000000000000000e+04,7.900000000000000000e+04,7.900000000000000000e+04,7.900000000000000000e+04,7.900000000000000000e+04,7.900000000000000000e+04,7.900000000000000000e+04,7.900000000000000000e+04,7.900000000000000000e+04,7.900000000000000000e+04,7.900000000000000000e+04,7.900000000000000000e+04,7.900000000000000000e+04,7.900000000000000000e+04,7.900000000000000000e+04,7.900000000000000000e+04,7.900000000000000000e+04,7.900000000000000000e+04,7.900000000000000000e+04,7.900000000000000000e+04,7.900000000000000000e+04,7.900000000000000000e+04,7.900000000000000000e+04,4.051200000000000000e+04,3.739200000000000000e+04,4.980000000000000000e+03,1.693000000000000000e+03,1.999000000000000000e+03,7.692100000000000000e+04,7.691800000000000000e+04,7.687300000000000000e+04,7.688400000000000000e+04,7.581200000000000000e+04,7.587300000000000000e+04,7.377200000000000000e+04,7.363900000000000000e+04,7.300900000000000000e+04,7.299300000000000000e+04,7.139500000000000000e+04,6.767500000000000000e+04,6.753600000000000000e+04,6.598300000000000000e+04,6.547000000000000000e+04,6.355500000000000000e+04,6.413400000000000000e+04,5.601300000000000000e+04,5.503700000000000000e+04,5.554600000000000000e+04,5.272000000000000000e+03,4.866000000000000000e+03,5.841000000000000000e+03,7.961000000000000000e+03,1.261900000000000000e+04,5.733000000000000000e+03,5.145000000000000000e+03,5.184000000000000000e+03,6.216000000000000000e+03,1.198000000000000000e+03,2.324000000000000000e+03,2.134000000000000000e+03,2.181000000000000000e+03,3.140000000000000000e+03,4.192000000000000000e+03,4.135000000000000000e+03,6.156000000000000000e+03,3.143000000000000000e+03,1.970000000000000000e+02,3.098000000000000000e+03,4.097000000000000000e+03,3.095000000000000000e+03,4.100000000000000000e+03,4.102000000000000000e+03,7.112000000000000000e+03,3.124000000000000000e+03,5.102000000000000000e+03,3.150000000000000000e+03
7.900000000000000000e+04,7.900000000000000000e+04,7.900000000000000000e+04,7.900000000000000000e+04,7.900000000000000000e+04,7.900000000000000000e+04,7.900000000000000000e+04,7.900000000000000000e+04,7.900000000000000000e+04,7.900000000000000000e+04,7.900000000000000000e+04,7.900000000000000000e+04,7.900000000000000000e+04,7.900000000000000000e+04,7.900000000000000000e+04,7.900000000000000000e+04,7.900000000000000000e+04,7.900000000000000000e+04,7.900000000000000000e+04,7.900000000000000000e+04,7.900000000000000000e+04,7.900000000000000000e+04,7.900000000000000000e+04,7.900000000000000000e+04,7.900000000000000000e+04,7.900000000000000000e+04,7.900000000000000000e+04,7.900000000000000000e+04,7.900000000000000000e+04,7.900000000000000000e+04,7.900000000000000000e+04,7.900000000000000000e+04,7.900000000000000000e+04,7.900000000000000000e+04,7.900000000000000000e+04,7.900000000000000000e+04,7.900000000000000000e+04,7.900000000000000000e+04,7.900000000000000000e+04,7.900000000000000000e+04,7.900000000000000000e+04,7.900000000000000000e+04,7.900000000000000000e+04,7.900000000000000000e+04,7.900000000000000000e+04,7.900000000000000000e+04,7.900000000000000000e+04,7.900000000000000000e+04,7.900000000000000000e+04,7.896400000000000000e+04,3.455200000000000000e+04,3.726000000000000000e+03,1.855000000000000000e+03,7.635800000000000000e+04,7.694200000000000000e+04,7.688800000000000000e+04,7.677800000000000000e+04,7.691700000000000000e+04,7.562500000000000000e+04,7.581000000000000000e+04,7.573400000000000000e+04,7.342700000000000000e+04,7.273000000000000000e+04,7.285500000000000000e+04,7.152400000000000000e+04,6.755000000000000000e+04,6.758300000000000000e+04,6.620600000000000000e+04,6.642400000000000000e+04,6.406000000000000000e+04,6.441300000000000000e+04,5.776100000000000000e+04,5.511600000000000000e+04,5.579300000000000000e+04,5.588200000000000000e+04,9.362000000000000000e+03,4.230000000000000000e+03,4.626000000000000000e+03,4.636000000000000000e+03,7.220000000000000000e+03,5.159000000000000000e+03,5.196000000000000000e+03,1.141000000000000000e+03,1.020800000000000000e+04,2.494000000000000000e+03,8.116000000000000000e+03,8.142000000000000000e+03,7.150000000000000000e+03,5.197000000000000000e+03,5.122000000000000000e+03,4.158000000000000000e+03,4.104000000000000000e+03,3.112000000000000000e+03,2.111000000000000000e+03,2.127000000000000000e+03,1.105000000000000000e+03,6.102000000000000000e+03,6.093000000000000000e+03,8.102000000000000000e+03,8.104000000000000000e+03,1.122000000000000000e+03
7.900000000000000000e+04,7.900000000000000000e+04,7.900000000000000000e+04,7.900000000000000000e+04,7.900000000000000000e+04,7.900000000000000000e+04,7.900000000000000000e+04,7.900000000000000000e+04,7.900000000000000000e+04,7.900000000000000000e+04,7.900000000000000000e+04,7.900000000000000000e+04,7.900000000000000000e+04,7.900000000000000000e+04,7.900000000000000000e+04,7.900000000000000000e+04,7.900000000000000000e+04,7.900000000000000000e+04,7.900000000000000000e+04,7.900000000000000000e+04,7.900000000000000000e+04,7.900000000000000000e+04,7.900000000000000000e+04,7.900000000000000000e+04,7.900000000000000000e+04,7.900000000000000000e+04,7.900000000000000000e+04,7.900000000000000000e+04,7.900000000000000000e+04,7.900000000000000000e+04,7.900000000000000000e+04,7.900000000000000000e+04,7.900000000000000000e+04,7.900000000000000000e+04,7.900000000000000000e+04,7.900000000000000000e+04,7.900000000000000000e+04,7.900000000000000000e+04,7.900000000000000000e+04,7.900000000000000000e+04,7.900000000000000000e+04,7.900000000000000000e+04,7.900000000000000000e+04,7.900000000000000000e+04,7.900000000000000000e+04,7.900000000000000000e+04,7.900000000000000000e+04,7.900000000000000000e+04,7.900000000000000000e+04,7.900000000000000000e+04,7.895900000000000000e+04,2.733300000000000000e+04,3.257000000000000000e+03,1.857000000000000000e+03,7.647000000000000000e+04,7.767300000000000000e+04,7.695200000000000000e+04,7.686900000000000000e+04,7.681000000000000000e+04,7.582000000000000000e+04,7.580100000000000000e+04,7.584100000000000000e+04,7.357700000000000000e+04,7.342500000000000000e+04,7.280600000000000000e+04,7.158500000000000000e+04,7.145600000000000000e+04,6.775100000000000000e+04,6.630800000000000000e+04,6.601600000000000000e+04,6.534000000000000000e+04,6.387900000000000000e+04,6.423500000000000000e+04,5.769700000000000000e+04,5.546600000000000000e+04,5.648000000000000000e+04,4.099000000000000000e+03,6.816000000000000000e+03,4.992000000000000000e+03,1.778000000000000000e+03,1.109000000000000000e+03,6.352000000000000000e+03,5.328000000000000000e+03,5.324000000000000000e+03,2.145000000000000000e+03,6.237000000000000000e+03,9.272000000000000000e+03,4.135000000000000000e+03,1.196000000000000000e+03,4.121000000000000000e+03,5.154000000000000000e+03,7.107000000000000000e+03,5.123000000000000000e+03,2.145000000000000000e+03,1.102000000000000000e+03,1.097000000000000000e+03,1.102000000000000000e+03,3.111000000000000000e+03,8.095000000000000000e+03,3.110000000000000000e+03,5.114000000000000000e+03
7.900000000000000000e+04,7.900000000000000000e+04,7.900000000000000000e+04,7.900000000000000000e+04,7.900000000000000000e+04,7.900000000000000000e+04,7.900000000000000000e+04,7.900000000000000000e+04,7.900000000000000000e+04,7.900000000000000000e+04,7.900000000000000000e+04,7.900000000000000000e+04,7.900000000000000000e+04,7.900000000000000000e+04,7.900000000000000000e+04,7.900000000000000000e+04,7.900000000000000000e+04,7.900000000000000000e+04,7.900000000000000000e+04,7.900000000000000000e+04,7.900000000000000000e+04,7.900000000000000000e+04,7.900000000000000000e+04,7.900000000000000000e+04,7.900000000000000000e+04,7.900000000000000000e+04,7.900000000000000000e+04,7.900000000000000000e+04,7.900000000000000000e+04,7.900000000000000000e+04,7.900000000000000000e+04,7.900000000000000000e+04,7.900000000000000000e+04,7.900000000000000000e+04,7.900000000000000000e+04,7.900000000000000000e+04,7.900000000000000000e+04,7.900000000000000000e+04,7.900000000000000000e+04,7.900000000000000000e+04,7.900000000000000000e+04,7.900000000000000000e+04,7.900000000000000000e+04,7.900000000000000000e+04,7.900000000000000000e+04,7.900000000000000000e+04,7.900000000000000000e+04,7.900000000000000000e+04,7.900000000000000000e+04,7.900000000000000000e+04,7.900000000000000000e+04,7.897600000000000000e+04,2.939200000000000000e+04,4.049000000000000000e+03,3.572000000000000000e+03,1.535000000000000000e+03,7.759400000000000000e+04,7.684600000000000000e+04,7.687400000000000000e+04,7.681600000000000000e+04,7.682500000000000000e+04,7.587300000000000000e+04,7.588300000000000000e+04,7.345400000000000000e+04,7.344700000000000000e+04,7.283200000000000000e+04,7.275100000000000000e+04,7.150300000000000000e+04,6.759000000000000000e+04,6.634700000000000000e+04,6.622700000000000000e+04,6.539400000000000000e+04,6.557400000000000000e+04,6.375900000000000000e+04,5.728700000000000000e+04,5.743300000000000000e+04,5.570000000000000000e+04,5.624600000000000000e+04,3.716000000000000000e+03,6.153000000000000000e+03,1.487000000000000000e+03,3.914000000000000000e+03,1.130200000000000000e+04,3.213000000000000000e+03,3.105000000000000000e+03,4.349000000000000000e+03,3.148000000000000000e+03,5.159000000000000000e+03,3.125000000000000000e+03,4.175000000000000000e+03,2.116000000000000000e+03,5.303000000000000000e+03,6.319000000000000000e+03,1.108000000000000000e+03,2.103000000000000000e+03,7.122000000000000000e+03,3.131000000000000000e+03,7.101000000000000000e+03,4.111000000000000000e+03,1.040000000000000000e+02,3.097000000000000000e+03
7.900000000000000000e+04,7.900000000000000000e+04,7.900000000000000000e+04,7.900000000000000000e+04,7.900000000000000000e+04,7.900000000000000000e+04,7.900000000000000000e+04,7.900000000000000000e+04,7.900000000000000000e+04,7.900000000000000000e+04,7.900000000000000000e+04,7.900000000000000000e+04,7.900000000000000000e+04,7.900000000000000000e+04,7.900000000000000000e+04,7.900000000000000000e+04,7.900000000000000000e+04,7.900000000000000000e+04,7.900000000000000000e+04,7.900000000000000000e+04,7.900000000000000000e+04,7.900000000000000000e+04,7.900000000000000000e+04,7.900000000000000000e+04,7.900000000000000000e+04,7.900000000000000000e+04,7.900000000000000000e+04,7.900000000000000000e+04,7.900000000000000000e+04,7.900000000000000000e+04,7.900000000000000000e+04,7.900000000000000000e+04,7.900000000000000000e+04,7.900000000000000000e+04,7.900000000000000000e+04,7.900000000000000000e+04,7.900000000000000000e+04,7.900000000000000000e+04,7.900000000000000000e+04,7.900000000000000000e+04,7.900000000000000000e+04,7.900000000000000000e+04,7.900000000000000000e+04,7.900000000000000000e+04,7.900000000000000000e+04,7.900000000000000000e+04,7.900000000000000000e+04,7.900000000000000000e+04,7.900000000000000000e+04,7.900000000000000000e+04,7.900000000000000000e+04,7.900000000000000000e+04,7.897800000000000000e+04,3.505100000000000000e+04,3.434000000000000000e+03,5.276000000000000000e+03,1.855000000000000000e+03,7.766000000000000000e+04,7.685800000000000000e+04,7.692100000000000000e+04,7.690800000000000000e+04,7.688400000000000000e+04,7.577700000000000000e+04,7.588500000000000000e+04,7.573200000000000000e+04,7.349800000000000000e+04,7.303300000000000000e+04,7.278400000000000000e+04,7.149700000000000000e+04,7.165000000000000000e+04,6.764100000000000000e+04,6.655600000000000000e+04,6.629900000000000000e+04,6.562800000000000000e+04,6.421700000000000000e+04,5.764000000000000000e+04,5.749400000000000000e+04,5.489300000000000000e+04,5.498400000000000000e+04,2.654000000000000000e+03,1.500000000000000000e+03,3.855000000000000000e+03,9.372000000000000000e+03,6.718000000000000000e+03,7.411000000000000000e+03,2.183000000000000000e+03,4.341000000000000000e+03,4.261000000000000000e+03,7.195000000000000000e+03,6.142000000000000000e+03,5.127000000000000000e+03,9.139000000000000000e+03,7.110000000000000000e+03,4.205000000000000000e+03,7.097000000000000000e+03,2.114000000000000000e+03,4.156000000000000000e+03,7.108000000000000000e+03,6.119000000000000000e+03,2.101000000000000000e+03,3.106000000000000000e+03
7.900000000000000000e+04,7.900000000000000000e+04,7.900000000000000000e+04,7.900000000000000000e+04,7.900000000000000000e+04,7.900000000000000000e+04,7.900000000000000000e+04,7.900000000000000000e+04,7.900000000000000000e+04,7.900000000000000000e+04,7.900000000000000000e+04,7.900000000000000000e+04,7.900000000000000000e+04,7.900000000000000000e+04,7.900000000000000000e+04,7.900000000000000000e+04,7.900000000000000000e+04,7.900000000000000000e+04,7.900000000000000000e+04,7.900000000000000000e+04,7.900000000000000000e+04,7.900000000000000000e+04,7.900000000000000000e+04,7.900000000000000000e+04,7.900000000000000000e+04,7.900000000000000000e+04,7.900000000000000000e+04,7.900000000000000000e+04,7.900000000000000000e+04,7.900000000000000000e+04,7.900000000000000000e+04,7.900000000000000000e+04,7.900000000000000000e+04,7.900000000000000000e+04,7.900000000000000000e+04,7.900000000000000000e+04,7.900000000000000000e+04,7.900000000000000000e+04,7.900000000000000000e+04,7.900000000000000000e+04,7.900000000000000000e+04,7.900000000000000000e+04,7.900000000000000000e+04,7.900000000000000000e+04,7.900000000000000000e+04,7.900000000000000000e+04,7.900000000000000000e+04,7.900000000000000000e+04,7.900000000000000000e+04,7.900000000000000000e+04,7.900000000000000000e+04,7.900000000000000000e+04,7.900000000000000000e+04,7.897400000000000000e+04,3.660600000000000000e+04,3.899000000000000000e+03,4.033000000000000000e+03,1.844000000000000000e+03,7.754900000000000000e+04,7.684700000000000000e+04,7.691500000000000000e+04,7.682600000000000000e+04,7.690000000000000000e+04,7.579100000000000000e+04,7.576300000000000000e+04,7.582800000000000000e+04,7.360800000000000000e+04,7.308100000000000000e+04,7.296300000000000000e+04,7.138700000000000000e+04,7.135600000000000000e+04,6.740400000000000000e+04,6.632600000000000000e+04,6.623100000000000000e+04,6.532300000000000000e+04,6.541900000000000000e+04,6.389600000000000000e+04,5.754700000000000000e+04,5.744600000000000000e+04,5.588100000000000000e+04,3.299000000000000000e+03,8.315000000000000000e+03,6.451000000000000000e+03,4.578000000000000000e+03,7.209000000000000000e+03,2.079100000000000000e+04,3.396000000000000000e+03,3.309000000000000000e+03,6.301000000000000000e+03,1.257000000000000000e+03,6.233000000000000000e+03,4.344000000000000000e+03,3.153000000000000000e+03,1.120000000000000000e+03,5.102000000000000000e+03,3.172000000000000000e+03,2.144000000000000000e+03,5.216000000000000000e+03,4.176000000000000000e+03,5.119000000000000000e+03,6.099000000000000000e+03
7.900000000000000000e+04,7.900000000000000000e+04,7.900000000000000000e+04,7.900000000000000000e+04,7.900000000000000000e+04,7.900000000000000000e+04,7.900000000000000000e+04,7.900000000000000000e+04,7.900000000000000000e+04,7.900000000000000000e+04,7.900000000000000000e+04,7.900000000000000000e+04,7.900000000000000000e+04,7.900000000000000000e+04,7.900000000000000000e+04,7.900000000000000000e+04,7.900000000000000000e+04,7.900000000000000000e+04,7.900000000000000000e+04,7.900000000000000000e+04,7.900000000000000000e+04,7.900000000000000000e+04,7.900000000000000000e+04,7.900000000000000000e+04,7.900000000000000000e+04,7.900000000000000000e+04,7.900000000000000000e+04,7.900000000000000000e+04,7.900000000000000000e+04,7.900000000000000000e+04,7.900000000000000000e+04,7.900000000000000000e+04,7.900000000000000000e+04,7.900000000000000000e+04,7.900000000000000000e+04,7.900000000000000000e+04,7.900000000000000000e+04,7.900000000000000000e+04,7.900000000000000000e+04,7.900000000000000000e+04,7.900000000000000000e+04,7.900000000000000000e+04,7.900000000000000000e+04,7.900000000000000000e+04,7.900000000000000000e+04,7.900000000000000000e+04,7.900000000000000000e+04,7.900000000000000000e+04,7.900000000000000000e+04,7.900000000000000000e+04,7.900000000000000000e+04,7.900000000000000000e+04,7.900000000000000000e+04,7.900000000000000000e+04,7.900000000000000000e+04,2.892200000000000000e+04,4.040000000000000000e+04,4.523000000000000000e+03,7.640000000000000000e+04,7.762200000000000000e+04,7.760100000000000000e+04,7.694800000000000000e+04,7.686000000000000000e+04,7.680600000000000000e+04,7.681700000000000000e+04,7.571900000000000000e+04,7.590400000000000000e+04,7.583800000000000000e+04,7.292900000000000000e+04,7.281200000000000000e+04,7.141000000000000000e+04,7.154700000000000000e+04,7.122500000000000000e+04,6.629700000000000000e+04,6.607900000000000000e+04,6.565000000000000000e+04,6.536200000000000000e+04,6.398400000000000000e+04,5.617000000000000000e+04,5.775900000000000000e+04,5.561700000000000000e+04,5.540400000000000000e+04,3.708000000000000000e+03,4.625000000000000000e+03,3.771000000000000000e+03,7.466000000000000000e+03,4.830000000000000000e+03,9.780000000000000000e+03,7.197000000000000000e+03,4.279000000000000000e+03,2.176000000000000000e+03,6.160000000000000000e+03,8.208000000000000000e+03,3.152000000000000000e+03,2.173000000000000000e+03,4.136000000000000000e+03,7.104000000000000000e+03,2.151000000000000000e+03,4.127000000000000000e+03,1.114000000000000000e+03,7.121000000000000000e+03
7.900000000000000000e+04,7.900000000000000000e+04,7.900000000000000000e+04,7.900000000000000000e+04,7.900000000000000000e+04,7.900000000000000000e+04,7.900000000000000000e+04,7.900000000000000000e+04,7.900000000000000000e+04,7.900000000000000000e+04,7.900000000000000000e+04,7.900000000000000000e+04,7.900000000000000000e+04,7.900000000000000000e+04,7.900000000000000000e+04,7.900000000000000000e+04,7.900000000000000000e+04,7.900000000000000000e+04,7.900000000000000000e+04,7.900000000000000000e+04,7.900000000000000000e+04,7.900000000000000000e+04,7.900000000000000000e+04,7.900000000000000000e+04,7.900000000000000000e+04,7.900000000000000000e+04,7.900000000000000000e+04,7.900000000000000000e+04,7.900000000000000000e+04,7.900000000000000000e+04,7.900000000000000000e+04,7.900000000000000000e+04,7.900000000000000000e+04,7.900000000000000000e+04,7.900000000000000000e+04,7.900000000000000000e+04,7.900000000000000000e+04,7.900000000000000000e+04,7.900000000000000000e+04,7.900000000000000000e+04,7.900000000000000000e+04,7.900000000000000000e+04,7.900000000000000000e+04,7.900000000000000000e+04,7.900000000000000000e+04,7.900000000000000000e+04,7.900000000000000000e+04,7.900000000000000000e+04,7.900000000000000000e+04,7.900000000000000000e+04,7.900000000000000000e+04,7.900000000000000000e+04,7.900000000000000000e+04,7.900000000000000000e+04,7.900000000000000000e+04,7.900000000000000000e+04,7.897100000000000000e+04,3.833500000000000000e+04,4.664000000000000000e+03,7.657400000000000000e+04,7.763400000000000000e+04,7.761700000000000000e+04,7.689200000000000000e+04,7.688100000000000000e+04,7.684300000000000000e+04,7.688100000000000000e+04,7.587100000000000000e+04,7.593200000000000000e+04,7.581200000000000000e+04,7.286900000000000000e+04,7.287700000000000000e+04,7.140400000000000000e+04,7.129800000000000000e+04,7.148400000000000000e+04,6.615500000000000000e+04,6.624200000000000000e+04,6.563600000000000000e+04,6.577500000000000000e+04,6.547700000000000000e+04,5.759000000000000000e+04,5.692500000000000000e+04,5.806000000000000000e+04,5.438300000000000000e+04,4.824000000000000000e+03,2.649000000000000000e+03,3.201000000000000000e+03,4.545000000000000000e+03,1.167800000000000000e+04,6.894000000000000000e+03,8.247000000000000000e+03,4.195000000000000000e+03,5.351000000000000000e+03,3.249000000000000000e+03,5.338000000000000000e+03,9.125000000000000000e+03,2.165000000000000000e+03,1.163000000000000000e+03,3.175000000000000000e+03,3.132000000000000000e+03,5.121000000000000000e+03,1.175000000000000000e+03
7.900000000000000000e+04,7.900000000000000000e+04,7.900000000000000000e+04,7.900000000000000000e+04,7.900000000000000000e+04,7.900000000000000000e+04,7.900000000000000000e+04,7.900000000000000000e+04,7.900000000000000000e+04,7.900000000000000000e+04,7.900000000000000000e+04,7.900000000000000000e+04,7.900000000000000000e+04,7.900000000000000000e+04,7.900000000000000000e+04,7.900000000000000000e+04,7.900000000000000000e+04,7.900000000000000000e+04,7.900000000000000000e+04,7.900000000000000000e+04,7.900000000000000000e+04,7.900000000000000000e+04,7.900000000000000000e+04,7.900000000000000000e+04,7.900000000000000000e+04,7.900000000000000000e+04,7.900000000000000000e+04,7.900000000000000000e+04,7.900000000000000000e+04,7.900000000000000000e+04,7.900000000000000000e+04,7.900000000000000000e+04,7.900000000000000000e+04,7.900000000000000000e+04,7.900000000000000000e+04,7.900000000000000000e+04,7.900000000000000000e+04,7.900000000000000000e+04,7.900000000000000000e+04,7.900000000000000000e+04,7.900000000000000000e+04,7.900000000000000000e+04,7.900000000000000000e+04,7.900000000000000000e+04,7.900000000000000000e+04,7.900000000000000000e+04,7.900000000000000000e+04,7.900000000000000000e+04,7.900000000000000000e+04,7.900000000000000000e+04,7.900000000000000000e+04,7.900000000000000000e+04,7.900000000000000000e+04,7.900000000000000000e+04,7.900000000000000000e+04,7.900000000000000000e+04,7.900000000000000000e+04,7.895900000000000000e+04,5.549400000000000000e+04,4.520000000000000000e+03,4.036000000000000000e+03,7.756400000000000000e+04,7.768000000000000000e+04,7.692300000000000000e+04,7.705100000000000000e+04,7.680800000000000000e+04,7.684700000000000000e+04,7.598400000000000000e+04,7.581100000000000000e+04,7.582700000000000000e+04,7.574300000000000000e+04,7.293800000000000000e+04,7.293600000000000000e+04,7.168400000000000000e+04,7.142700000000000000e+04,7.149500000000000000e+04,6.639600000000000000e+04,6.609700000000000000e+04,6.570900000000000000e+04,6.607200000000000000e+04,6.525700000000000000e+04,5.736900000000000000e+04,5.806400000000000000e+04,5.778700000000000000e+04,5.575800000000000000e+04,5.357000000000000000e+03,1.124000000000000000e+04,2.176000000000000000e+03,4.464000000000000000e+03,1.390400000000000000e+04,5.358000000000000000e+03,7.142000000000000000e+03,3.392000000000000000e+03,3.302000000000000000e+03,2.243000000000000000e+03,4.202000000000000000e+03,3.130000000000000000e+03,4.134000000000000000e+03,2.142000000000000000e+03,3.224000000000000000e+03,4.102000000000000000e+03
7.900000000000000000e+04,7.900000000000000000e+04,7.900000000000000000e+04,7.900000000000000000e+04,7.900000000000000000e+04,7.900000000000000000e+04,7.900000000000000000e+04,7.900000000000000000e+04,7.900000000000000000e+04,7.900000000000000000e+04,7.900000000000000000e+04,7.900000000000000000e+04,7.900000000000000000e+04,7.900000000000000000e+04,7.900000000000000000e+04,7.900000000000000000e+04,7.900000000000000000e+04,7.900000000000000000e+04,7.900000000000000000e+04,7.900000000000000000e+04,7.900000000000000000e+04,7.900000000000000000e+04,7.900000000000000000e+04,7.900000000000000000e+04,7.900000000000000000e+04,7.900000000000000000e+04,7.900000000000000000e+04,7.900000000000000000e+04,7.900000000000000000e+04,7.900000000000000000e+04,7.900000000000000000e+04,7.900000000000000000e+04,7.900000000000000000e+04,7.900000000000000000e+04,7.900000000000000000e+04,7.900000000000000000e+04,7.900000000000000000e+04,7.900000000000000000e+04,7.900000000000000000e+04,7.900000000000000000e+04,7.900000000000000000e+04,7.900000000000000000e+04,7.900000000000000000e+04,7.900000000000000000e+04,7.900000000000000000e+04,7.900000000000000000e+04,7.900000000000000000e+04,7.900000000000000000e+04,7.900000000000000000e+04,7.900000000000000000e+04,7.900000000000000000e+04,7.900000000000000000e+04,7.900000000000000000e+04,7.900000000000000000e+04,7.900000000000000000e+04,7.900000000000000000e+04,7.900000000000000000e+04,7.900000000000000000e+04,7.897300000000000000e+04,3.284500000000000000e+04,4.040000000000000000e+03,4.816000000000000000e+03,7.760400000000000000e+04,7.756800000000000000e+04,7.693000000000000000e+04,7.697800000000000000e+04,7.689100000000000000e+04,7.681000000000000000e+04,7.679900000000000000e+04,7.579500000000000000e+04,7.579800000000000000e+04,7.586400000000000000e+04,7.278000000000000000e+04,7.288000000000000000e+04,7.132800000000000000e+04,7.127800000000000000e+04,7.139100000000000000e+04,6.642200000000000000e+04,6.602500000000000000e+04,6.577600000000000000e+04,6.542600000000000000e+04,6.546600000000000000e+04,5.782600000000000000e+04,5.677400000000000000e+04,5.796900000000000000e+04,3.913100000000000000e+04,2.257000000000000000e+03,7.419000000000000000e+03,2.541000000000000000e+03,3.745000000000000000e+03,5.860000000000000000e+03,1.020100000000000000e+04,7.119000000000000000e+03,5.180000000000000000e+03,4.213000000000000000e+03,5.153000000000000000e+03,2.214000000000000000e+03,3.163000000000000000e+03,7.147000000000000000e+03,7.122000000000000000e+03,5.116000000000000000e+03
7.900000000000000000e+04,7.900000000000000000e+04,7.900000000000000000e+04,7.900000000000000000e+04,7.900000000000000000e+04,7.900000000000000000e+04,7.900000000000000000e+04,7.900000000000000000e+04,7.900000000000000000e+04,7.900000000000000000e+04,7.900000000000000000e+04,7.900000000000000000e+04,7.900000000000000000e+04,7.900000000000000000e+04,7.900000000000000000e+04,7.900000000000000000e+04,7.900000000000000000e+04,7.900000000000000000e+04,7.900000000000000000e+04,7.900000000000000000e+04,7.900000000000000000e+04,7.900000000000000000e+04,7.900000000000000000e+04,7.900000000000000000e+04,7.900000000000000000e+04,7.900000000000000000e+04,7.900000000000000000e+04,7.900000000000000000e+04,7.900000000000000000e+04,7.900000000000000000e+04,7.900000000000000000e+04,7.900000000000000000e+04,7.900000000000000000e+04,7.900000000000000000e+04,7.900000000000000000e+04,7.900000000000000000e+04,7.900000000000000000e+04,7.900000000000000000e+04,7.900000000000000000e+04,7.900000000000000000e+04,7.900000000000000000e+04,7.900000000000000000e+04,7.900000000000000000e+04,7.900000000000000000e+04,7.900000000000000000e+04,7.900000000000000000e+04,7.900000000000000000e+04,7.900000000000000000e+04,7.900000000000000000e+04,7.900000000000000000e+04,7.900000000000000000e+04,7.900000000000000000e+04,7.900000000000000000e+04,7.900000000000000000e+04,7.900000000000000000e+04,7.900000000000000000e+04,7.900000000000000000e+04,7.900000000000000000e+04,7.900000000000000000e+04,7.897500000000000000e+04,2.892300000000000000e+04,3.880000000000000000e+03,4.028000000000000000e+03,7.761100000000000000e+04,7.761300000000000000e+04,7.767500000000000000e+04,7.688200000000000000e+04,7.689500000000000000e+04,7.681600000000000000e+04,7.679700000000000000e+04,7.587000000000000000e+04,7.574500000000000000e+04,7.572600000000000000e+04,7.300000000000000000e+04,7.292900000000000000e+04,7.147100000000000000e+04,7.173500000000000000e+04,7.128200000000000000e+04,6.984600000000000000e+04,6.576700000000000000e+04,6.569600000000000000e+04,6.553300000000000000e+04,6.592600000000000000e+04,1.124500000000000000e+04,5.763100000000000000e+04,5.682800000000000000e+04,5.552200000000000000e+04,1.344000000000000000e+03,2.465000000000000000e+03,3.302000000000000000e+03,2.394000000000000000e+03,3.357000000000000000e+03,1.118300000000000000e+04,1.297600000000000000e+04,7.158000000000000000e+03,3.250000000000000000e+03,1.115700000000000000e+04,2.214000000000000000e+03,2.189000000000000000e+03,6.169000000000000000e+03,6.158000000000000000e+03
7.900000000000000000e+04,7.900000000000000000e+04,7.900000000000000000e+04,7.900000000000000000e+04,7.900000000000000000e+04,7.900000000000000000e+04,7.900000000000000000e+04,7.900000000000000000e+04,7.900000000000000000e+04,7.900000000000000000e+04,7.900000000000000000e+04,7.900000000000000000e+04,7.900000000000000000e+04,7.900000000000000000e+04,7.900000000000000000e+04,7.900000000000000000e+04,7.900000000000000000e+04,7.900000000000000000e+04,7.900000000000000000e+04,7.900000000000000000e+04,7.900000000000000000e+04,7.900000000000000000e+04,7.900000000000000000e+04,7.900000000000000000e+04,7.900000000000000000e+04,7.900000000000000000e+04,7.900000000000000000e+04,7.900000000000000000e+04,7.900000000000000000e+04,7.900000000000000000e+04,7.900000000000000000e+04,7.900000000000000000e+04,7.900000000000000000e+04,7.900000000000000000e+04,7.900000000000000000e+04,7.900000000000000000e+04,7.900000000000000000e+04,7.900000000000000000e+04,7.900000000000000000e+04,7.900000000000000000e+04,7.900000000000000000e+04,7.900000000000000000e+04,7.900000000000000000e+04,7.900000000000000000e+04,7.900000000000000000e+04,7.900000000000000000e+04,7.900000000000000000e+04,7.900000000000000000e+04,7.900000000000000000e+04,7.900000000000000000e+04,7.900000000000000000e+04,7.900000000000000000e+04,7.900000000000000000e+04,7.900000000000000000e+04,7.900000000000000000e+04,7.900000000000000000e+04,7.900000000000000000e+04,7.900000000000000000e+04,7.900000000000000000e+04,7.900000000000000000e+04,7.896500000000000000e+04,3.728200000000000000e+04,3.425000000000000000e+03,7.756700000000000000e+04,7.760500000000000000e+04,7.757500000000000000e+04,7.762100000000000000e+04,7.693200000000000000e+04,7.683000000000000000e+04,7.679800000000000000e+04,7.681000000000000000e+04,7.593100000000000000e+04,7.585300000000000000e+04,7.579400000000000000e+04,7.535100000000000000e+04,7.278700000000000000e+04,7.116900000000000000e+04,7.152200000000000000e+04,7.161500000000000000e+04,6.997100000000000000e+04,6.614200000000000000e+04,6.586800000000000000e+04,6.560600000000000000e+04,6.537900000000000000e+04,6.550900000000000000e+04,5.755400000000000000e+04,5.648600000000000000e+04,5.757000000000000000e+04,5.813600000000000000e+04,2.311000000000000000e+03,2.913000000000000000e+03,1.426000000000000000e+03,5.625000000000000000e+03,5.372000000000000000e+03,4.670000000000000000e+03,5.165000000000000000e+03,4.166000000000000000e+03,8.252000000000000000e+03,2.190000000000000000e+03,1.215000000000000000e+03,1.112000000000000000e+04
7.900000000000000000e+04,7.900000000000000000e+04,7.900000000000000000e+04,7.900000000000000000e+04,7.900000000000000000e+04,7.900000000000000000e+04,7.900000000000000000e+04,7.900000000000000000e+04,7.900000000000000000e+04,7.900000000000000000e+04,7.900000000000000000e+04,7.900000000000000000e+04,7.900000000000000000e+04,7.900000000000000000e+04,7.900000000000000000e+04,7.900000000000000000e+04,7.900000000000000000e+04,7.900000000000000000e+04,7.900000000000000000e+04,7.900000000000000000e+04,7.900000000000000000e+04,7.900000000000000000e+04,7.900000000000000000e+04,7.900000000000000000e+04,7.900000000000000000e+04,7.900000000000000000e+04,7.900000000000000000e+04,7.900000000000000000e+04,7.900000000000000000e+04,7.900000000000000000e+04,7.900000000000000000e+04,7.900000000000000000e+04,7.900000000000000000e+04,7.900000000000000000e+04,7.900000000000000000e+04,7.900000000000000000e+04,7.900000000000000000e+04,7.900000000000000000e+04,7.900000000000000000e+04,7.900000000000000000e+04,7.900000000000000000e+04,7.900000000000000000e+04,7.900000000000000000e+04,7.900000000000000000e+04,7.900000000000000000e+04,7.900000000000000000e+04,7.900000000000000000e+04,7.900000000000000000e+04,7.900000000000000000e+04,7.900000000000000000e+04,7.900000000000000000e+04,7.900000000000000000e+04,7.900000000000000000e+04,7.900000000000000000e+04,7.900000000000000000e+04,7.900000000000000000e+04,7.900000000000000000e+04,7.900000000000000000e+04,7.900000000000000000e+04,7.900000000000000000e+04,7.900000000000000000e+04,7.897200000000000000e+04,3.926700000000000000e+04,2.592900000000000000e+04,7.844900000000000000e+04,7.762500000000000000e+04,7.760200000000000000e+04,7.757800000000000000e+04,7.689100000000000000e+04,7.688400000000000000e+04,7.685100000000000000e+04,7.686600000000000000e+04,7.685200000000000000e+04,7.582900000000000000e+04,7.586400000000000000e+04,7.547400000000000000e+04,7.286900000000000000e+04,7.129400000000000000e+04,7.147200000000000000e+04,7.141600000000000000e+04,7.143200000000000000e+04,6.950200000000000000e+04,6.591700000000000000e+04,6.545500000000000000e+04,6.538900000000000000e+04,6.538500000000000000e+04,1.667000000000000000e+03,5.770100000000000000e+04,5.782300000000000000e+04,5.856100000000000000e+04,3.272000000000000000e+03,2.161000000000000000e+03,5.384000000000000000e+03,9.658000000000000000e+03,3.656000000000000000e+03,8.388000000000000000e+03,3.337000000000000000e+03,3.182000000000000000e+03,5.572000000000000000e+03,9.106000000000000000e+03,4.203000000000000000e+03
7.900000000000000000e+04,7.900000000000000000e+04,7.900000000000000000e+04,7.900000000000000000e+04,7.900000000000000000e+04,7.900000000000000000e+04,7.900000000000000000e+04,7.900000000000000000e+04,7.900000000000000000e+04,7.900000000000000000e+04,7.900000000000000000e+04,7.900000000000000000e+04,7.900000000000000000e+04,7.900000000000000000e+04,7.900000000000000000e+04,7.900000000000000000e+04,7.900000000000000000e+04,7.900000000000000000e+04,7.900000000000000000e+04,7.900000000000000000e+04,7.900000000000000000e+04,7.900000000000000000e+04,7.900000000000000000e+04,7.900000000000000000e+04,7.900000000000000000e+04,7.900000000000000000e+04,7.900000000000000000e+04,7.900000000000000000e+04,7.900000000000000000e+04,7.900000000000000000e+04,7.900000000000000000e+04,7.900000000000000000e+04,7.900000000000000000e+04,7.900000000000000000e+04,7.900000000000000000e+04,7.900000000000000000e+04,7.900000000000000000e+04,7.900000000000000000e+04,7.900000000000000000e+04,7.900000000000000000e+04,7.900000000000000000e+04,7.900000000000000000e+04,7.900000000000000000e+04,7.900000000000000000e+04,7.900000000000000000e+04,7.900000000000000000e+04,7.900000000000000000e+04,7.900000000000000000e+04,7.900000000000000000e+04,7.900000000000000000e+04,7.900000000000000000e+04,7.900000000000000000e+04,7.900000000000000000e+04,7.900000000000000000e+04,7.900000000000000000e+04,7.900000000000000000e+04,7.900000000000000000e+04,7.900000000000000000e+04,7.900000000000000000e+04,7.900000000000000000e+04,7.900000000000000000e+04,7.900000000000000000e+04,7.897600000000000000e+04,2.672000000000000000e+04,2.481900000000000000e+04,3.253000000000000000e+03,7.832300000000000000e+04,7.763300000000000000e+04,7.760900000000000000e+04,7.689500000000000000e+04,7.675600000000000000e+04,7.687000000000000000e+04,7.685100000000000000e+04,7.685300000000000000e+04,7.596500000000000000e+04,7.580700000000000000e+04,7.530900000000000000e+04,7.528200000000000000e+04,7.265800000000000000e+04,7.143200000000000000e+04,7.137400000000000000e+04,7.155500000000000000e+04,7.013200000000000000e+04,6.593700000000000000e+04,6.593700000000000000e+04,6.539900000000000000e+04,6.571400000000000000e+04,1.644900000000000000e+04,5.378500000000000000e+04,5.706000000000000000e+04,5.767500000000000000e+04,5.638900000000000000e+04,2.895000000000000000e+03,3.707000000000000000e+03,3.514000000000000000e+03,6.440000000000000000e+03,3.769000000000000000e+03,6.146000000000000000e+03,7.118000000000000000e+03,4.304000000000000000e+03,1.019000000000000000e+04
7.900000000000000000e+04,7.900000000000000000e+04,7.900000000000000000e+04,7.900000000000000000e+04,7.900000000000000000e+04,7.900000000000000000e+04,7.900000000000000000e+04,7.900000000000000000e+04,7.900000000000000000e+04,7.900000000000000000e+04,7.900000000000000000e+04,7.900000000000000000e+04,7.900000000000000000e+04,7.900000000000000000e+04,7.900000000000000000e+04,7.900000000000000000e+04,7.900000000000000000e+04,7.900000000000000000e+04,7.900000000000000000e+04,7.900000000000000000e+04,7.900000000000000000e+04,7.900000000000000000e+04,7.900000000000000000e+04,7.900000000000000000e+04,7.900000000000000000e+04,7.900000000000000000e+04,7.900000000000000000e+04,7.900000000000000000e+04,7.900000000000000000e+04,7.900000000000000000e+04,7.900000000000000000e+04,7.900000000000000000e+04,7.900000000000000000e+04,7.900000000000000000e+04,7.900000000000000000e+04,7.900000000000000000e+04,7.900000000000000000e+04,7.900000000000000000e+04,7.900000000000000000e+04,7.900000000000000000e+04,7.900000000000000000e+04,7.900000000000000000e+04,7.900000000000000000e+04,7.900000000000000000e+04,7.900000000000000000e+04,7.900000000000000000e+04,7.900000000000000000e+04,7.900000000000000000e+04,7.900000000000000000e+04,7.900000000000000000e+04,7.900000000000000000e+04,7.900000000000000000e+04,7.900000000000000000e+04,7.900000000000000000e+04,7.900000000000000000e+04,7.900000000000000000e+04,7.900000000000000000e+04,7.900000000000000000e+04,7.900000000000000000e+04,7.900000000000000000e+04,7.900000000000000000e+04,7.900000000000000000e+04,7.900000000000000000e+04,7.900000000000000000e+04,7.897500000000000000e+04,2.796600000000000000e+04,4.986000000000000000e+03,7.835600000000000000e+04,7.763500000000000000e+04,7.767100000000000000e+04,7.765900000000000000e+04,7.693800000000000000e+04,7.687300000000000000e+04,7.686100000000000000e+04,7.681900000000000000e+04,7.578800000000000000e+04,7.574300000000000000e+04,7.574300000000000000e+04,7.540300000000000000e+04,7.292100000000000000e+04,7.158600000000000000e+04,7.150800000000000000e+04,7.141100000000000000e+04,6.985000000000000000e+04,6.988900000000000000e+04,6.529300000000000000e+04,6.551400000000000000e+04,6.557900000000000000e+04,6.553100000000000000e+04,3.558600000000000000e+04,5.773300000000000000e+04,5.798600000000000000e+04,5.785900000000000000e+04,6.386000000000000000e+03,2.823000000000000000e+03,4.496000000000000000e+03,9.410000000000000000e+02,2.826000000000000000e+03,6.630000000000000000e+02,9.231000000000000000e+03,7.264000000000000000e+03
7.900000000000000000e+04,7.900000000000000000e+04,7.900000000000000000e+04,7.900000000000000000e+04,7.900000000000000000e+04,7.900000000000000000e+04,7.900000000000000000e+04,7.900000000000000000e+04,7.900000000000000000e+04,7.900000000000000000e+04,7.900000000000000000e+04,7.900000000000000000e+04,7.900000000000000000e+04,7.900000000000000000e+04,7.900000000000000000e+04,7.900000000000000000e+04,7.900000000000000000e+04,7.900000000000000000e+04,7.900000000000000000e+04,7.900000000000000000e+04,7.900000000000000000e+04,7.900000000000000000e+04,7.900000000000000000e+04,7.900000000000000000e+04,7.900000000000000000e+04,7.900000000000000000e+04,7.900000000000000000e+04,7.900000000000000000e+04,7.900000000000000000e+04,7.900000000000000000e+04,7.900000000000000000e+04,7.900000000000000000e+04,7.900000000000000000e+04,7.900000000000000000e+04,7.900000000000000000e+04,7.900000000000000000e+04,7.900000000000000000e+04,7.900000000000000000e+04,7.900000000000000000e+04,7.900000000000000000e+04,7.900000000000000000e+04,7.900000000000000000e+04,7.900000000000000000e+04,7.900000000000000000e+04,7.900000000000000000e+04,7.900000000000000000e+04,7.900000000000000000e+04,7.900000000000000000e+04,7.900000000000000000e+04,7.900000000000000000e+04,7.900000000000000000e+04,7.900000000000000000e+04,7.900000000000000000e+04,7.900000000000000000e+04,7.900000000000000000e+04,7.900000000000000000e+04,7.900000000000000000e+04,7.900000000000000000e+04,7.900000000000000000e+04,7.900000000000000000e+04,7.900000000000000000e+04,7.900000000000000000e+04,7.900000000000000000e+04,7.900000000000000000e+04,7.900000000000000000e+04,7.897200000000000000e+04,3.458400000000000000e+04,3.732000000000000000e+03,7.829300000000000000e+04,7.763600000000000000e+04,7.765600000000000000e+04,7.758100000000000000e+04,7.689800000000000000e+04,7.693500000000000000e+04,7.683400000000000000e+04,7.685900000000000000e+04,7.692600000000000000e+04,7.577800000000000000e+04,7.581600000000000000e+04,7.535000000000000000e+04,7.317600000000000000e+04,7.138100000000000000e+04,7.163100000000000000e+04,7.145400000000000000e+04,6.968100000000000000e+04,6.955000000000000000e+04,6.591200000000000000e+04,6.583000000000000000e+04,6.591200000000000000e+04,6.494300000000000000e+04,1.386200000000000000e+04,1.573400000000000000e+04,5.713800000000000000e+04,5.816600000000000000e+04,6.393000000000000000e+03,4.638000000000000000e+03,2.764000000000000000e+03,3.420000000000000000e+03,5.183000000000000000e+03,1.353000000000000000e+03,1.749000000000000000e+03
7.900000000000000000e+04,7.900000000000000000e+04,7.900000000000000000e+04,7.900000000000000000e+04,7.900000000000000000e+04,7.900000000000000000e+04,7.900000000000000000e+04,7.900000000000000000e+04,7.900000000000000000e+04,7.900000000000000000e+04,7.900000000000000000e+04,7.900000000000000000e+04,7.900000000000000000e+04,7.900000000000000000e+04,7.900000000000000000e+04,7.900000000000000000e+04,7.900000000000000000e+04,7.900000000000000000e+04,7.900000000000000000e+04,7.900000000000000000e+04,7.900000000000000000e+04,7.900000000000000000e+04,7.900000000000000000e+04,7.900000000000000000e+04,7.900000000000000000e+04,7.900000000000000000e+04,7.900000000000000000e+04,7.900000000000000000e+04,7.900000000000000000e+04,7.900000000000000000e+04,7.900000000000000000e+04,7.900000000000000000e+04,7.900000000000000000e+04,7.900000000000000000e+04,7.900000000000000000e+04,7.900000000000000000e+04,7.900000000000000000e+04,7.900000000000000000e+04,7.900000000000000000e+04,7.900000000000000000e+04,7.900000000000000000e+04,7.900000000000000000e+04,7.900000000000000000e+04,7.900000000000000000e+04,7.900000000000000000e+04,7.900000000000000000e+04,7.900000000000000000e+04,7.900000000000000000e+04,7.900000000000000000e+04,7.900000000000000000e+04,7.900000000000000000e+04,7.900000000000000000e+04,7.900000000000000000e+04,7.900000000000000000e+04,7.900000000000000000e+04,7.900000000000000000e+04,7.900000000000000000e+04,7.900000000000000000e+04,7.900000000000000000e+04,7.900000000000000000e+04,7.900000000000000000e+04,7.900000000000000000e+04,7.900000000000000000e+04,7.900000000000000000e+04,7.900000000000000000e+04,7.900000000000000000e+04,7.896600000000000000e+04,2.891100000000000000e+04,7.765900000000000000e+04,7.833800000000000000e+04,7.765900000000000000e+04,7.761000000000000000e+04,7.763000000000000000e+04,7.692500000000000000e+04,7.683200000000000000e+04,7.681700000000000000e+04,7.683300000000000000e+04,7.684600000000000000e+04,7.583800000000000000e+04,7.576600000000000000e+04,7.540000000000000000e+04,7.539300000000000000e+04,7.124800000000000000e+04,7.185800000000000000e+04,7.139400000000000000e+04,7.128500000000000000e+04,7.010300000000000000e+04,7.009800000000000000e+04,6.558600000000000000e+04,6.542600000000000000e+04,6.607800000000000000e+04,1.327600000000000000e+04,4.866000000000000000e+03,5.789300000000000000e+04,5.663300000000000000e+04,5.771900000000000000e+04,4.526000000000000000e+03,3.586000000000000000e+03,1.039700000000000000e+04,2.435000000000000000e+03,1.006700000000000000e+04
7.900000000000000000e+04,7.900000000000000000e+04,7.900000000000000000e+04,7.900000000000000000e+04,7.900000000000000000e+04,7.900000000000000000e+04,7.900000000000000000e+04,7.900000000000000000e+04,7.900000000000000000e+04,7.900000000000000000e+04,7.900000000000000000e+04,7.900000000000000000e+04,7.900000000000000000e+04,7.900000000000000000e+04,7.900000000000000000e+04,7.900000000000000000e+04,7.900000000000000000e+04,7.900000000000000000e+04,7.900000000000000000e+04,7.900000000000000000e+04,7.900000000000000000e+04,7.900000000000000000e+04,7.900000000000000000e+04,7.900000000000000000e+04,7.900000000000000000e+04,7.900000000000000000e+04,7.900000000000000000e+04,7.900000000000000000e+04,7.900000000000000000e+04,7.900000000000000000e+04,7.900000000000000000e+04,7.900000000000000000e+04,7.900000000000000000e+04,7.900000000000000000e+04,7.900000000000000000e+04,7.900000000000000000e+04,7.900000000000000000e+04,7.900000000000000000e+04,7.900000000000000000e+04,7.900000000000000000e+04,7.900000000000000000e+04,7.900000000000000000e+04,7.900000000000000000e+04,7.900000000000000000e+04,7.900000000000000000e+04,7.900000000000000000e+04,7.900000000000000000e+04,7.900000000000000000e+04,7.900000000000000000e+04,7.900000000000000000e+04,7.900000000000000000e+04,7.900000000000000000e+04,7.900000000000000000e+04,7.900000000000000000e+04,7.900000000000000000e+04,7.900000000000000000e+04,7.900000000000000000e+04,7.900000000000000000e+04,7.900000000000000000e+04,7.900000000000000000e+04,7.900000000000000000e+04,7.900000000000000000e+04,7.900000000000000000e+04,7.900000000000000000e+04,7.900000000000000000e+04,7.900000000000000000e+04,7.900000000000000000e+04,7.896600000000000000e+04,3.051100000000000000e+04,7.831400000000000000e+04,7.833600000000000000e+04,7.761700000000000000e+04,7.761100000000000000e+04,7.759100000000000000e+04,7.686900000000000000e+04,7.692900000000000000e+04,7.682500000000000000e+04,7.696100000000000000e+04,7.687600000000000000e+04,7.570000000000000000e+04,7.580000000000000000e+04,7.537700000000000000e+04,7.530100000000000000e+04,7.154800000000000000e+04,7.170500000000000000e+04,7.144000000000000000e+04,7.114400000000000000e+04,6.980300000000000000e+04,6.973000000000000000e+04,6.601300000000000000e+04,6.577300000000000000e+04,6.583500000000000000e+04,6.549500000000000000e+04,2.230900000000000000e+04,3.038300000000000000e+04,5.853300000000000000e+04,5.793400000000000000e+04,6.348000000000000000e+03,7.303000000000000000e+03,3.359000000000000000e+03,1.338000000000000000e+03
7.900000000000000000e+04,7.900000000000000000e+04,7.900000000000000000e+04,7.900000000000000000e+04,7.900000000000000000e+04,7.900000000000000000e+04,7.900000000000000000e+04,7.900000000000000000e+04,7.900000000000000000e+04,7.900000000000000000e+04,7.900000000000000000e+04,7.900000000000000000e+04,7.900000000000000000e+04,7.900000000000000000e+04,7.900000000000000000e+04,7.900000000000000000e+04,7.900000000000000000e+04,7.900000000000000000e+04,7.900000000000000000e+04,7.900000000000000000e+04,7.900000000000000000e+04,7.900000000000000000e+04,7.900000000000000000e+04,7.900000000000000000e+04,7.900000000000000000e+04,7.900000000000000000e+04,7.900000000000000000e+04,7.900000000000000000e+04,7.900000000000000000e+04,7.900000000000000000e+04,7.900000000000000000e+04,7.900000000000000000e+04,7.900000000000000000e+04,7.900000000000000000e+04,7.900000000000000000e+04,7.900000000000000000e+04,7.900000000000000000e+04,7.900000000000000000e+04,7.900000000000000000e+04,7.900000000000000000e+04,7.900000000000000000e+04,7.900000000000000000e+04,7.900000000000000000e+04,7.900000000000000000e+04,7.900000000000000000e+04,7.900000000000000000e+04,7.900000000000000000e+04,7.900000000000000000e+04,7.900000000000000000e+04,7.900000000000000000e+04,7.900000000000000000e+04,7.900000000000000000e+04,7.900000000000000000e+04,7.900000000000000000e+04,7.900000000000000000e+04,7.900000000000000000e+04,7.900000000000000000e+04,7.900000000000000000e+04,7.900000000000000000e+04,7.900000000000000000e+04,7.900000000000000000e+04,7.900000000000000000e+04,7.900000000000000000e+04,7.900000000000000000e+04,7.900000000000000000e+04,7.900000000000000000e+04,7.900000000000000000e+04,7.900000000000000000e+04,7.896800000000000000e+04,4.368900000000000000e+04,4.210100000000000000e+04,7.831700000000000000e+04,7.834100000000000000e+04,7.761000000000000000e+04,7.760400000000000000e+04,7.762900000000000000e+04,7.694100000000000000e+04,7.687600000000000000e+04,7.692200000000000000e+04,7.681400000000000000e+04,7.682300000000000000e+04,7.575000000000000000e+04,7.548000000000000000e+04,7.527100000000000000e+04,7.527100000000000000e+04,7.147000000000000000e+04,7.153200000000000000e+04,7.173900000000000000e+04,6.994700000000000000e+04,6.992300000000000000e+04,6.997900000000000000e+04,6.609500000000000000e+04,6.590600000000000000e+04,6.543300000000000000e+04,1.385000000000000000e+04,4.233500000000000000e+04,5.753900000000000000e+04,5.649600000000000000e+04,5.682400000000000000e+04,2.293000000000000000e+03,4.426000000000000000e+03
7.900000000000000000e+04,7.900000000000000000e+04,7.900000000000000000e+04,7.900000000000000000e+04,7.900000000000000000e+04,7.900000000000000000e+04,7.900000000000000000e+04,7.900000000000000000e+04,7.900000000000000000e+04,7.900000000000000000e+04,7.900000000000000000e+04,7.900000000000000000e+04,7.900000000000000000e+04,7.900000000000000000e+04,7.900000000000000000e+04,7.900000000000000000e+04,7.900000000000000000e+04,7.900000000000000000e+04,7.900000000000000000e+04,7.900000000000000000e+04,7.900000000000000000e+04,7.900000000000000000e+04,7.900000000000000000e+04,7.900000000000000000e+04,7.900000000000000000e+04,7.900000000000000000e+04,7.900000000000000000e+04,7.900000000000000000e+04,7.900000000000000000e+04,7.900000000000000000e+04,7.900000000000000000e+04,7.900000000000000000e+04,7.900000000000000000e+04,7.900000000000000000e+04,7.900000000000000000e+04,7.900000000000000000e+04,7.900000000000000000e+04,7.900000000000000000e+04,7.900000000000000000e+04,7.900000000000000000e+04,7.900000000000000000e+04,7.900000000000000000e+04,7.900000000000000000e+04,7.900000000000000000e+04,7.900000000000000000e+04,7.900000000000000000e+04,7.900000000000000000e+04,7.900000000000000000e+04,7.900000000000000000e+04,7.900000000000000000e+04,7.900000000000000000e+04,7.900000000000000000e+04,7.900000000000000000e+04,7.900000000000000000e+04,7.900000000000000000e+04,7.900000000000000000e+04,7.900000000000000000e+04,7.900000000000000000e+04,7.900000000000000000e+04,7.900000000000000000e+04,7.900000000000000000e+04,7.900000000000000000e+04,7.900000000000000000e+04,7.900000000000000000e+04,7.900000000000000000e+04,7.900000000000000000e+04,7.900000000000000000e+04,7.900000000000000000e+04,7.900000000000000000e+04,7.897700000000000000e+04,3.379400000000000000e+04,4.037000000000000000e+04,7.830800000000000000e+04,7.831100000000000000e+04,7.765200000000000000e+04,7.766900000000000000e+04,7.766100000000000000e+04,7.698200000000000000e+04,7.689300000000000000e+04,7.681800000000000000e+04,7.699400000000000000e+04,7.684800000000000000e+04,7.567300000000000000e+04,7.537600000000000000e+04,7.531200000000000000e+04,7.528800000000000000e+04,7.158000000000000000e+04,7.179000000000000000e+04,7.138300000000000000e+04,6.962900000000000000e+04,6.999900000000000000e+04,7.008800000000000000e+04,6.572600000000000000e+04,6.581900000000000000e+04,6.576000000000000000e+04,6.883000000000000000e+03,6.183000000000000000e+03,3.389700000000000000e+04,5.847000000000000000e+04,5.661100000000000000e+04,5.241000000000000000e+03
7.900000000000000000e+04,7.900000000000000000e+04,7.900000000000000000e+04,7.900000000000000000e+04,7.900000000000000000e+04,7.900000000000000000e+04,7.900000000000000000e+04,7.900000000000000000e+04,7.900000000000000000e+04,7.900000000000000000e+04,7.900000000000000000e+04,7.900000000000000000e+04,7.900000000000000000e+04,7.900000000000000000e+04,7.900000000000000000e+04,7.900000000000000000e+04,7.900000000000000000e+04,7.900000000000000000e+04,7.900000000000000000e+04,7.900000000000000000e+04,7.900000000000000000e+04,7.900000000000000000e+04,7.900000000000000000e+04,7.900000000000000000e+04,7.900000000000000000e+04,7.900000000000000000e+04,7.900000000000000000e+04,7.900000000000000000e+04,7.900000000000000000e+04,7.900000000000000000e+04,7.900000000000000000e+04,7.900000000000000000e+04,7.900000000000000000e+04,7.900000000000000000e+04,7.900000000000000000e+04,7.900000000000000000e+04,7.900000000000000000e+04,7.900000000000000000e+04,7.900000000000000000e+04,7.900000000000000000e+04,7.900000000000000000e+04,7.900000000000000000e+04,7.900000000000000000e+04,7.900000000000000000e+04,7.900000000000000000e+04,7.900000000000000000e+04,7.900000000000000000e+04,7.900000000000000000e+04,7.900000000000000000e+04,7.900000000000000000e+04,7.900000000000000000e+04,7.900000000000000000e+04,7.900000000000000000e+04,7.900000000000000000e+04,7.900000000000000000e+04,7.900000000000000000e+04,7.900000000000000000e+04,7.900000000000000000e+04,7.900000000000000000e+04,7.900000000000000000e+04,7.900000000000000000e+04,7.900000000000000000e+04,7.900000000000000000e+04,7.900000000000000000e+04,7.900000000000000000e+04,7.900000000000000000e+04,7.900000000000000000e+04,7.900000000000000000e+04,7.900000000000000000e+04,7.900000000000000000e+04,7.896700000000000000e+04,2.356300000000000000e+04,3.456700000000000000e+04,7.833100000000000000e+04,7.834200000000000000e+04,7.762900000000000000e+04,7.758600000000000000e+04,7.759300000000000000e+04,7.691400000000000000e+04,7.692900000000000000e+04,7.675700000000000000e+04,7.693200000000000000e+04,7.687800000000000000e+04,7.586600000000000000e+04,7.538400000000000000e+04,7.538600000000000000e+04,7.527300000000000000e+04,7.153600000000000000e+04,7.121800000000000000e+04,7.148500000000000000e+04,7.144300000000000000e+04,6.971400000000000000e+04,6.983600000000000000e+04,6.910800000000000000e+04,6.599500000000000000e+04,6.489800000000000000e+04,1.203200000000000000e+04,2.893900000000000000e+04,2.666000000000000000e+04,2.702400000000000000e+04,5.676800000000000000e+04
7.900000000000000000e+04,7.900000000000000000e+04,7.900000000000000000e+04,7.900000000000000000e+04,7.900000000000000000e+04,7.900000000000000000e+04,7.900000000000000000e+04,7.900000000000000000e+04,7.900000000000000000e+04,7.900000000000000000e+04,7.900000000000000000e+04,7.900000000000000000e+04,7.900000000000000000e+04,7.900000000000000000e+04,7.900000000000000000e+04,7.900000000000000000e+04,7.900000000000000000e+04,7.900000000000000000e+04,7.900000000000000000e+04,7.900000000000000000e+04,7.900000000000000000e+04,7.900000000000000000e+04,7.900000000000000000e+04,7.900000000000000000e+04,7.900000000000000000e+04,7.900000000000000000e+04,7.900000000000000000e+04,7.900000000000000000e+04,7.900000000000000000e+04,7.900000000000000000e+04,7.900000000000000000e+04,7.900000000000000000e+04,7.900000000000000000e+04,7.900000000000000000e+04,7.900000000000000000e+04,7.900000000000000000e+04,7.900000000000000000e+04,7.900000000000000000e+04,7.900000000000000000e+04,7.900000000000000000e+04,7.900000000000000000e+04,7.900000000000000000e+04,7.900000000000000000e+04,7.900000000000000000e+04,7.900000000000000000e+04,7.900000000000000000e+04,7.900000000000000000e+04,7.900000000000000000e+04,7.900000000000000000e+04,7.900000000000000000e+04,7.900000000000000000e+04,7.900000000000000000e+04,7.900000000000000000e+04,7.900000000000000000e+04,7.900000000000000000e+04,7.900000000000000000e+04,7.900000000000000000e+04,7.900000000000000000e+04,7.900000000000000000e+04,7.900000000000000000e+04,7.900000000000000000e+04,7.900000000000000000e+04,7.900000000000000000e+04,7.900000000000000000e+04,7.900000000000000000e+04,7.900000000000000000e+04,7.900000000000000000e+04,7.900000000000000000e+04,7.900000000000000000e+04,7.900000000000000000e+04,7.900000000000000000e+04,7.897000000000000000e+04,7.897600000000000000e+04,7.882800000000000000e+04,7.830100000000000000e+04,7.830700000000000000e+04,7.762000000000000000e+04,7.762600000000000000e+04,7.759800000000000000e+04,7.705300000000000000e+04,7.687900000000000000e+04,7.686900000000000000e+04,7.681400000000000000e+04,7.692100000000000000e+04,7.677500000000000000e+04,7.587300000000000000e+04,7.541500000000000000e+04,7.528100000000000000e+04,7.390900000000000000e+04,7.138100000000000000e+04,7.148600000000000000e+04,7.147200000000000000e+04,6.980700000000000000e+04,6.971700000000000000e+04,6.969300000000000000e+04,6.595200000000000000e+04,6.536900000000000000e+04,6.592100000000000000e+04,5.643900000000000000e+04,6.543000000000000000e+03,1.891900000000000000e+04
7.900000000000000000e+04,7.900000000000000000e+04,7.900000000000000000e+04,7.900000000000000000e+04,7.900000000000000000e+04,7.900000000000000000e+04,7.900000000000000000e+04,7.900000000000000000e+04,7.900000000000000000e+04,7.900000000000000000e+04,7.900000000000000000e+04,7.900000000000000000e+04,7.900000000000000000e+04,7.900000000000000000e+04,7.900000000000000000e+04,7.900000000000000000e+04,7.900000000000000000e+04,7.900000000000000000e+04,7.900000000000000000e+04,7.900000000000000000e+04,7.900000000000000000e+04,7.900000000000000000e+04,7.900000000000000000e+04,7.900000000000000000e+04,7.900000000000000000e+04,7.900000000000000000e+04,7.900000000000000000e+04,7.900000000000000000e+04,7.900000000000000000e+04,7.900000000000000000e+04,7.900000000000000000e+04,7.900000000000000000e+04,7.900000000000000000e+04,7.900000000000000000e+04,7.900000000000000000e+04,7.900000000000000000e+04,7.900000000000000000e+04,7.900000000000000000e+04,7.900000000000000000e+04,7.900000000000000000e+04,7.900000000000000000e+04,7.900000000000000000e+04,7.900000000000000000e+04,7.900000000000000000e+04,7.900000000000000000e+04,7.900000000000000000e+04,7.900000000000000000e+04,7.900000000000000000e+04,7.900000000000000000e+04,7.900000000000000000e+04,7.900000000000000000e+04,7.900000000000000000e+04,7.900000000000000000e+04,7.900000000000000000e+04,7.900000000000000000e+04,7.900000000000000000e+04,7.900000000000000000e+04,7.900000000000000000e+04,7.900000000000000000e+04,7.900000000000000000e+04,7.900000000000000000e+04,7.900000000000000000e+04,7.900000000000000000e+04,7.900000000000000000e+04,7.900000000000000000e+04,7.900000000000000000e+04,7.900000000000000000e+04,7.900000000000000000e+04,7.900000000000000000e+04,7.900000000000000000e+04,7.900000000000000000e+04,7.900000000000000000e+04,7.900000000000000000e+04,7.897700000000000000e+04,7.888000000000000000e+04,7.830500000000000000e+04,7.832600000000000000e+04,7.757200000000000000e+04,7.757300000000000000e+04,7.768300000000000000e+04,7.763600000000000000e+04,7.693500000000000000e+04,7.696600000000000000e+04,7.691900000000000000e+04,7.687400000000000000e+04,7.674700000000000000e+04,7.563700000000000000e+04,7.530600000000000000e+04,7.540400000000000000e+04,7.409400000000000000e+04,7.154700000000000000e+04,7.151800000000000000e+04,7.135500000000000000e+04,6.977200000000000000e+04,6.987200000000000000e+04,6.978400000000000000e+04,6.616000000000000000e+04,6.557000000000000000e+04,6.544300000000000000e+04,4.209300000000000000e+04,5.610500000000000000e+04
7.900000000000000000e+04,7.900000000000000000e+04,7.900000000000000000e+04,7.900000000000000000e+04,7.900000000000000000e+04,7.900000000000000000e+04,7.900000000000000000e+04,7.900000000000000000e+04,7.900000000000000000e+04,7.900000000000000000e+04,7.900000000000000000e+04,7.900000000000000000e+04,7.900000000000000000e+04,7.900000000000000000e+04,7.900000000000000000e+04,7.900000000000000000e+04,7.900000000000000000e+04,7.900000000000000000e+04,7.900000000000000000e+04,7.900000000000000000e+04,7.900000000000000000e+04,7.900000000000000000e+04,7.900000000000000000e+04,7.900000000000000000e+04,7.900000000000000000e+04,7.900000000000000000e+04,7.900000000000000000e+04,7.900000000000000000e+04,7.900000000000000000e+04,7.900000000000000000e+04,7.900000000000000000e+04,7.900000000000000000e+04,7.900000000000000000e+04,7.900000000000000000e+04,7.900000000000000000e+04,7.900000000000000000e+04,7.900000000000000000e+04,7.900000000000000000e+04,7.900000000000000000e+04,7.900000000000000000e+04,7.900000000000000000e+04,7.900000000000000000e+04,7.900000000000000000e+04,7.900000000000000000e+04,7.900000000000000000e+04,7.900000000000000000e+04,7.900000000000000000e+04,7.900000000000000000e+04,7.900000000000000000e+04,7.900000000000000000e+04,7.900000000000000000e+04,7.900000000000000000e+04,7.900000000000000000e+04,7.900000000000000000e+04,7.900000000000000000e+04,7.900000000000000000e+04,7.900000000000000000e+04,7.900000000000000000e+04,7.900000000000000000e+04,7.900000000000000000e+04,7.900000000000000000e+04,7.900000000000000000e+04,7.900000000000000000e+04,7.900000000000000000e+04,7.900000000000000000e+04,7.900000000000000000e+04,7.900000000000000000e+04,7.900000000000000000e+04,7.900000000000000000e+04,7.900000000000000000e+04,7.900000000000000000e+04,7.900000000000000000e+04,7.900000000000000000e+04,7.900000000000000000e+04,7.897300000000000000e+04,3.567000000000000000e+04,7.834700000000000000e+04,7.824300000000000000e+04,7.841400000000000000e+04,7.763800000000000000e+04,7.764400000000000000e+04,7.764100000000000000e+04,7.693800000000000000e+04,7.688400000000000000e+04,7.691500000000000000e+04,7.688400000000000000e+04,7.665800000000000000e+04,7.583400000000000000e+04,7.526200000000000000e+04,7.543400000000000000e+04,7.526600000000000000e+04,7.417200000000000000e+04,7.167300000000000000e+04,7.144000000000000000e+04,7.012700000000000000e+04,6.957000000000000000e+04,7.007500000000000000e+04,6.924500000000000000e+04,6.521500000000000000e+04,6.571900000000000000e+04,6.532500000000000000e+04
7.900000000000000000e+04,7.900000000000000000e+04,7.900000000000000000e+04,7.900000000000000000e+04,7.900000000000000000e+04,7.900000000000000000e+04,7.900000000000000000e+04,7.900000000000000000e+04,7.900000000000000000e+04,7.900000000000000000e+04,7.900000000000000000e+04,7.900000000000000000e+04,7.900000000000000000e+04,7.900000000000000000e+04,7.900000000000000000e+04,7.900000000000000000e+04,7.900000000000000000e+04,7.900000000000000000e+04,7.900000000000000000e+04,7.900000000000000000e+04,7.900000000000000000e+04,7.900000000000000000e+04,7.900000000000000000e+04,7.900000000000000000e+04,7.900000000000000000e+04,7.900000000000000000e+04,7.900000000000000000e+04,7.900000000000000000e+04,7.900000000000000000e+04,7.900000000000000000e+04,7.900000000000000000e+04,7.900000000000000000e+04,7.900000000000000000e+04,7.900000000000000000e+04,7.900000000000000000e+04,7.900000000000000000e+04,7.900000000000000000e+04,7.900000000000000000e+04,7.900000000000000000e+04,7.900000000000000000e+04,7.900000000000000000e+04,7.900000000000000000e+04,7.900000000000000000e+04,7.900000000000000000e+04,7.900000000000000000e+04,7.900000000000000000e+04,7.900000000000000000e+04,7.900000000000000000e+04,7.900000000000000000e+04,7.900000000000000000e+04,7.900000000000000000e+04,7.900000000000000000e+04,7.900000000000000000e+04,7.900000000000000000e+04,7.900000000000000000e+04,7.900000000000000000e+04,7.900000000000000000e+04,7.900000000000000000e+04,7.900000000000000000e+04,7.900000000000000000e+04,7.900000000000000000e+04,7.900000000000000000e+04,7.900000000000000000e+04,7.900000000000000000e+04,7.900000000000000000e+04,7.900000000000000000e+04,7.900000000000000000e+04,7.900000000000000000e+04,7.900000000000000000e+04,7.900000000000000000e+04,7.900000000000000000e+04,7.900000000000000000e+04,7.900000000000000000e+04,7.900000000000000000e+04,7.900000000000000000e+04,7.897100000000000000e+04,4.494200000000000000e+04,7.869200000000000000e+04,7.836100000000000000e+04,7.834900000000000000e+04,7.759900000000000000e+04,7.760600000000000000e+04,7.759000000000000000e+04,7.695200000000000000e+04,7.686500000000000000e+04,7.690800000000000000e+04,7.682100000000000000e+04,7.677800000000000000e+04,7.674200000000000000e+04,7.544600000000000000e+04,7.520100000000000000e+04,7.531300000000000000e+04,7.397600000000000000e+04,7.136900000000000000e+04,7.132400000000000000e+04,7.147800000000000000e+04,6.975300000000000000e+04,6.989600000000000000e+04,6.938300000000000000e+04,6.957400000000000000e+04,6.585500000000000000e+04
7.900000000000000000e+04,7.900000000000000000e+04,7.900000000000000000e+04,7.900000000000000000e+04,7.900000000000000000e+04,7.900000000000000000e+04,7.900000000000000000e+04,7.900000000000000000e+04,7.900000000000000000e+04,7.900000000000000000e+04,7.900000000000000000e+04,7.900000000000000000e+04,7.900000000000000000e+04,7.900000000000000000e+04,7.900000000000000000e+04,7.900000000000000000e+04,7.900000000000000000e+04,7.900000000000000000e+04,7.900000000000000000e+04,7.900000000000000000e+04,7.900000000000000000e+04,7.900000000000000000e+04,7.900000000000000000e+04,7.900000000000000000e+04,7.900000000000000000e+04,7.900000000000000000e+04,7.900000000000000000e+04,7.900000000000000000e+04,7.900000000000000000e+04,7.900000000000000000e+04,7.900000000000000000e+04,7.900000000000000000e+04,7.900000000000000000e+04,7.900000000000000000e+04,7.900000000000000000e+04,7.900000000000000000e+04,7.900000000000000000e+04,7.900000000000000000e+04,7.900000000000000000e+04,7.900000000000000000e+04,7.900000000000000000e+04,7.900000000000000000e+04,7.900000000000000000e+04,7.900000000000000000e+04,7.900000000000000000e+04,7.900000000000000000e+04,7.900000000000000000e+04,7.900000000000000000e+04,7.900000000000000000e+04,7.900000000000000000e+04,7.900000000000000000e+04,7.900000000000000000e+04,7.900000000000000000e+04,7.900000000000000000e+04,7.900000000000000000e+04,7.900000000000000000e+04,7.900000000000000000e+04,7.900000000000000000e+04,7.900000000000000000e+04,7.900000000000000000e+04,7.900000000000000000e+04,7.900000000000000000e+04,7.900000000000000000e+04,7.900000000000000000e+04,7.900000000000000000e+04,7.900000000000000000e+04,7.900000000000000000e+04,7.900000000000000000e+04,7.900000000000000000e+04,7.900000000000000000e+04,7.900000000000000000e+04,7.900000000000000000e+04,7.900000000000000000e+04,7.900000000000000000e+04,7.900000000000000000e+04,7.900000000000000000e+04,7.895900000000000000e+04,3.850500000000000000e+04,7.869200000000000000e+04,7.831900000000000000e+04,7.838000000000000000e+04,7.762800000000000000e+04,7.761800000000000000e+04,7.757200000000000000e+04,7.688600000000000000e+04,7.684000000000000000e+04,7.696300000000000000e+04,7.693400000000000000e+04,7.679900000000000000e+04,7.679800000000000000e+04,7.538400000000000000e+04,7.541100000000000000e+04,7.536400000000000000e+04,7.390200000000000000e+04,7.125400000000000000e+04,7.137200000000000000e+04,7.162800000000000000e+04,7.018400000000000000e+04,7.010200000000000000e+04,6.983800000000000000e+04,6.969200000000000000e+04
7.900000000000000000e+04,7.900000000000000000e+04,7.900000000000000000e+04,7.900000000000000000e+04,7.900000000000000000e+04,7.900000000000000000e+04,7.900000000000000000e+04,7.900000000000000000e+04,7.900000000000000000e+04,7.900000000000000000e+04,7.900000000000000000e+04,7.900000000000000000e+04,7.900000000000000000e+04,7.900000000000000000e+04,7.900000000000000000e+04,7.900000000000000000e+04,7.900000000000000000e+04,7.900000000000000000e+04,7.900000000000000000e+04,7.900000000000000000e+04,7.900000000000000000e+04,7.900000000000000000e+04,7.900000000000000000e+04,7.900000000000000000e+04,7.900000000000000000e+04,7.900000000000000000e+04,7.900000000000000000e+04,7.900000000000000000e+04,7.900000000000000000e+04,7.900000000000000000e+04,7.900000000000000000e+04,7.900000000000000000e+04,7.900000000000000000e+04,7.900000000000000000e+04,7.900000000000000000e+04,7.900000000000000000e+04,7.900000000000000000e+04,7.900000000000000000e+04,7.900000000000000000e+04,7.900000000000000000e+04,7.900000000000000000e+04,7.900000000000000000e+04,7.900000000000000000e+04,7.900000000000000000e+04,7.900000000000000000e+04,7.900000000000000000e+04,7.900000000000000000e+04,7.900000000000000000e+04,7.900000000000000000e+04,7.900000000000000000e+04,7.900000000000000000e+04,7.900000000000000000e+04,7.900000000000000000e+04,7.900000000000000000e+04,7.900000000000000000e+04,7.900000000000000000e+04,7.900000000000000000e+04,7.900000000000000000e+04,7.900000000000000000e+04,7.900000000000000000e+04,7.900000000000000000e+04,7.900000000000000000e+04,7.900000000000000000e+04,7.900000000000000000e+04,7.900000000000000000e+04,7.900000000000000000e+04,7.900000000000000000e+04,7.900000000000000000e+04,7.900000000000000000e+04,7.900000000000000000e+04,7.900000000000000000e+04,7.900000000000000000e+04,7.900000000000000000e+04,7.900000000000000000e+04,7.900000000000000000e+04,7.900000000000000000e+04,7.900000000000000000e+04,7.897800000000000000e+04,7.882400000000000000e+04,7.870700000000000000e+04,7.834600000000000000e+04,7.831800000000000000e+04,7.759500000000000000e+04,7.760900000000000000e+04,7.764800000000000000e+04,7.766700000000000000e+04,7.680200000000000000e+04,7.692300000000000000e+04,7.684700000000000000e+04,7.690900000000000000e+04,7.675800000000000000e+04,7.579100000000000000e+04,7.553600000000000000e+04,7.540000000000000000e+04,7.432200000000000000e+04,7.386500000000000000e+04,7.153700000000000000e+04,7.145300000000000000e+04,6.996400000000000000e+04,7.000600000000000000e+04,6.990600000000000000e+04
7.900000000000000000e+04,7.900000000000000000e+04,7.900000000000000000e+04,7.900000000000000000e+04,7.900000000000000000e+04,7.900000000000000000e+04,7.900000000000000000e+04,7.900000000000000000e+04,7.900000000000000000e+04,7.900000000000000000e+04,7.900000000000000000e+04,7.900000000000000000e+04,7.900000000000000000e+04,7.900000000000000000e+04,7.900000000000000000e+04,7.900000000000000000e+04,7.900000000000000000e+04,7.900000000000000000e+04,7.900000000000000000e+04,7.900000000000000000e+04,7.900000000000000000e+04,7.900000000000000000e+04,7.900000000000000000e+04,7.900000000000000000e+04,7.900000000000000000e+04,7.900000000000000000e+04,7.900000000000000000e+04,7.900000000000000000e+04,7.900000000000000000e+04,7.900000000000000000e+04,7.900000000000000000e+04,7.900000000000000000e+04,7.900000000000000000e+04,7.900000000000000000e+04,7.900000000000000000e+04,7.900000000000000000e+04,7.900000000000000000e+04,7.900000000000000000e+04,7.900000000000000000e+04,7.900000000000000000e+04,7.900000000000000000e+04,7.900000000000000000e+04,7.900000000000000000e+04,7.900000000000000000e+04,7.900000000000000000e+04,7.900000000000000000e+04,7.900000000000000000e+04,7.900000000000000000e+04,7.900000000000000000e+04,7.900000000000000000e+04,7.900000000000000000e+04,7.900000000000000000e+04,7.900000000000000000e+04,7.900000000000000000e+04,7.900000000000000000e+04,7.900000000000000000e+04,7.900000000000000000e+04,7.900000000000000000e+04,7.900000000000000000e+04,7.900000000000000000e+04,7.900000000000000000e+04,7.900000000000000000e+04,7.900000000000000000e+04,7.900000000000000000e+04,7.900000000000000000e+04,7.900000000000000000e+04,7.900000000000000000e+04,7.900000000000000000e+04,7.900000000000000000e+04,7.900000000000000000e+04,7.900000000000000000e+04,7.900000000000000000e+04,7.900000000000000000e+04,7.900000000000000000e+04,7.900000000000000000e+04,7.900000000000000000e+04,7.900000000000000000e+04,7.900000000000000000e+04,7.897500000000000000e+04,7.889100000000000000e+04,7.871900000000000000e+04,7.834900000000000000e+04,7.833200000000000000e+04,7.763000000000000000e+04,7.772500000000000000e+04,7.767200000000000000e+04,7.761800000000000000e+04,7.680100000000000000e+04,7.691900000000000000e+04,7.687900000000000000e+04,7.683200000000000000e+04,7.676400000000000000e+04,7.680900000000000000e+04,7.541700000000000000e+04,7.535600000000000000e+04,7.379300000000000000e+04,7.385700000000000000e+04,7.130100000000000000e+04,7.120800000000000000e+04,6.946200000000000000e+04,6.993500000000000000e+04
7.900000000000000000e+04,7.900000000000000000e+04,7.900000000000000000e+04,7.900000000000000000e+04,7.900000000000000000e+04,7.900000000000000000e+04,7.900000000000000000e+04,7.900000000000000000e+04,7.900000000000000000e+04,7.900000000000000000e+04,7.900000000000000000e+04,7.900000000000000000e+04,7.900000000000000000e+04,7.900000000000000000e+04,7.900000000000000000e+04,7.900000000000000000e+04,7.900000000000000000e+04,7.900000000000000000e+04,7.900000000000000000e+04,7.900000000000000000e+04,7.900000000000000000e+04,7.900000000000000000e+04,7.900000000000000000e+04,7.900000000000000000e+04,7.900000000000000000e+04,7.900000000000000000e+04,7.900000000000000000e+04,7.900000000000000000e+04,7.900000000000000000e+04,7.900000000000000000e+04,7.900000000000000000e+04,7.900000000000000000e+04,7.900000000000000000e+04,7.900000000000000000e+04,7.900000000000000000e+04,7.900000000000000000e+04,7.900000000000000000e+04,7.900000000000000000e+04,7.900000000000000000e+04,7.900000000000000000e+04,7.900000000000000000e+04,7.900000000000000000e+04,7.900000000000000000e+04,7.900000000000000000e+04,7.900000000000000000e+04,7.900000000000000000e+04,7.900000000000000000e+04,7.900000000000000000e+04,7.900000000000000000e+04,7.900000000000000000e+04,7.900000000000000000e+04,7.900000000000000000e+04,7.900000000000000000e+04,7.900000000000000000e+04,7.900000000000000000e+04,7.900000000000000000e+04,7.900000000000000000e+04,7.900000000000000000e+04,7.900000000000000000e+04,7.900000000000000000e+04,7.900000000000000000e+04,7.900000000000000000e+04,7.900000000000000000e+04,7.900000000000000000e+04,7.900000000000000000e+04,7.900000000000000000e+04,7.900000000000000000e+04,7.900000000000000000e+04,7.900000000000000000e+04,7.900000000000000000e+04,7.900000000000000000e+04,7.900000000000000000e+04,7.900000000000000000e+04,7.900000000000000000e+04,7.900000000000000000e+04,7.900000000000000000e+04,7.900000000000000000e+04,7.900000000000000000e+04,7.900000000000000000e+04,7.897400000000000000e+04,7.897500000000000000e+04,7.868100000000000000e+04,7.831100000000000000e+04,7.833800000000000000e+04,7.829500000000000000e+04,7.765600000000000000e+04,7.763600000000000000e+04,7.758400000000000000e+04,7.696600000000000000e+04,7.699000000000000000e+04,7.683800000000000000e+04,7.680300000000000000e+04,7.680500000000000000e+04,7.677000000000000000e+04,7.532700000000000000e+04,7.544000000000000000e+04,7.396600000000000000e+04,7.407300000000000000e+04,7.399900000000000000e+04,7.172000000000000000e+04,7.133500000000000000e+04
7.900000000000000000e+04,7.900000000000000000e+04,7.900000000000000000e+04,7.900000000000000000e+04,7.900000000000000000e+04,7.900000000000000000e+04,7.900000000000000000e+04,7.900000000000000000e+04,7.900000000000000000e+04,7.900000000000000000e+04,7.900000000000000000e+04,7.900000000000000000e+04,7.900000000000000000e+04,7.900000000000000000e+04,7.900000000000000000e+04,7.900000000000000000e+04,7.900000000000000000e+04,7.900000000000000000e+04,7.900000000000000000e+04,7.900000000000000000e+04,7.900000000000000000e+04,7.900000000000000000e+04,7.900000000000000000e+04,7.900000000000000000e+04,7.900000000000000000e+04,7.900000000000000000e+04,7.900000000000000000e+04,7.900000000000000000e+04,7.900000000000000000e+04,7.900000000000000000e+04,7.900000000000000000e+04,7.900000000000000000e+04,7.900000000000000000e+04,7.900000000000000000e+04,7.900000000000000000e+04,7.900000000000000000e+04,7.900000000000000000e+04,7.900000000000000000e+04,7.900000000000000000e+04,7.900000000000000000e+04,7.900000000000000000e+04,7.900000000000000000e+04,7.900000000000000000e+04,7.900000000000000000e+04,7.900000000000000000e+04,7.900000000000000000e+04,7.900000000000000000e+04,7.900000000000000000e+04,7.900000000000000000e+04,7.900000000000000000e+04,7.900000000000000000e+04,7.900000000000000000e+04,7.900000000000000000e+04,7.900000000000000000e+04,7.900000000000000000e+04,7.900000000000000000e+04,7.900000000000000000e+04,7.900000000000000000e+04,7.900000000000000000e+04,7.900000000000000000e+04,7.900000000000000000e+04,7.900000000000000000e+04,7.900000000000000000e+04,7.900000000000000000e+04,7.900000000000000000e+04,7.900000000000000000e+04,7.900000000000000000e+04,7.900000000000000000e+04,7.900000000000000000e+04,7.900000000000000000e+04,7.900000000000000000e+04,7.900000000000000000e+04,7.900000000000000000e+04,7.900000000000000000e+04,7.900000000000000000e+04,7.900000000000000000e+04,7.900000000000000000e+04,7.900000000000000000e+04,7.900000000000000000e+04,7.900000000000000000e+04,7.897400000000000000e+04,7.897800000000000000e+04,7.868000000000000000e+04,7.826800000000000000e+04,7.838600000000000000e+04,7.832500000000000000e+04,7.765700000000000000e+04,7.762500000000000000e+04,7.768400000000000000e+04,7.689000000000000000e+04,7.687700000000000000e+04,7.689900000000000000e+04,7.688300000000000000e+04,7.674400000000000000e+04,7.677900000000000000e+04,7.546200000000000000e+04,7.524300000000000000e+04,7.534300000000000000e+04,7.420900000000000000e+04,7.387900000000000000e+04,7.153500000000000000e+04
7.900000000000000000e+04,7.900000000000000000e+04,7.900000000000000000e+04,7.900000000000000000e+04,7.900000000000000000e+04,7.900000000000000000e+04,7.900000000000000000e+04,7.900000000000000000e+04,7.900000000000000000e+04,7.900000000000000000e+04,7.900000000000000000e+04,7.900000000000000000e+04,7.900000000000000000e+04,7.900000000000000000e+04,7.900000000000000000e+04,7.900000000000000000e+04,7.900000000000000000e+04,7.900000000000000000e+04,7.900000000000000000e+04,7.900000000000000000e+04,7.900000000000000000e+04,7.900000000000000000e+04,7.900000000000000000e+04,7.900000000000000000e+04,7.900000000000000000e+04,7.900000000000000000e+04,7.900000000000000000e+04,7.900000000000000000e+04,7.900000000000000000e+04,7.900000000000000000e+04,7.900000000000000000e+04,7.900000000000000000e+04,7.900000000000000000e+04,7.900000000000000000e+04,7.900000000000000000e+04,7.900000000000000000e+04,7.900000000000000000e+04,7.900000000000000000e+04,7.900000000000000000e+04,7.900000000000000000e+04,7.900000000000000000e+04,7.900000000000000000e+04,7.900000000000000000e+04,7.900000000000000000e+04,7.900000000000000000e+04,7.900000000000000000e+04,7.900000000000000000e+04,7.900000000000000000e+04,7.900000000000000000e+04,7.900000000000000000e+04,7.900000000000000000e+04,7.900000000000000000e+04,7.900000000000000000e+04,7.900000000000000000e+04,7.900000000000000000e+04,7.900000000000000000e+04,7.900000000000000000e+04,7.900000000000000000e+04,7.900000000000000000e+04,7.900000000000000000e+04,7.900000000000000000e+04,7.900000000000000000e+04,7.900000000000000000e+04,7.900000000000000000e+04,7.900000000000000000e+04,7.900000000000000000e+04,7.900000000000000000e+04,7.900000000000000000e+04,7.900000000000000000e+04,7.900000000000000000e+04,7.900000000000000000e+04,7.900000000000000000e+04,7.900000000000000000e+04,7.900000000000000000e+04,7.900000000000000000e+04,7.900000000000000000e+04,7.900000000000000000e+04,7.900000000000000000e+04,7.900000000000000000e+04,7.900000000000000000e+04,7.900000000000000000e+04,7.900000000000000000e+04,7.897000000000000000e+04,7.869600000000000000e+04,7.865600000000000000e+04,7.835900000000000000e+04,7.837800000000000000e+04,7.762900000000000000e+04,7.765300000000000000e+04,7.769400000000000000e+04,7.765000000000000000e+04,7.689800000000000000e+04,7.686500000000000000e+04,7.678000000000000000e+04,7.677400000000000000e+04,7.679500000000000000e+04,7.627100000000000000e+04,7.533900000000000000e+04,7.531000000000000000e+04,7.397800000000000000e+04,7.391400000000000000e+04
7.900000000000000000e+04,7.900000000000000000e+04,7.900000000000000000e+04,7.900000000000000000e+04,7.900000000000000000e+04,7.900000000000000000e+04,7.900000000000000000e+04,7.900000000000000000e+04,7.900000000000000000e+04,7.900000000000000000e+04,7.900000000000000000e+04,7.900000000000000000e+04,7.900000000000000000e+04,7.900000000000000000e+04,7.900000000000000000e+04,7.900000000000000000e+04,7.900000000000000000e+04,7.900000000000000000e+04,7.900000000000000000e+04,7.900000000000000000e+04,7.900000000000000000e+04,7.900000000000000000e+04,7.900000000000000000e+04,7.900000000000000000e+04,7.900000000000000000e+04,7.900000000000000000e+04,7.900000000000000000e+04,7.900000000000000000e+04,7.900000000000000000e+04,7.900000000000000000e+04,7.900000000000000000e+04,7.900000000000000000e+04,7.900000000000000000e+04,7.900000000000000000e+04,7.900000000000000000e+04,7.900000000000000000e+04,7.900000000000000000e+04,7.900000000000000000e+04,7.900000000000000000e+04,7.900000000000000000e+04,7.900000000000000000e+04,7.900000000000000000e+04,7.900000000000000000e+04,7.900000000000000000e+04,7.900000000000000000e+04,7.900000000000000000e+04,7.900000000000000000e+04,7.900000000000000000e+04,7.900000000000000000e+04,7.900000000000000000e+04,7.900000000000000000e+04,7.900000000000000000e+04,7.900000000000000000e+04,7.900000000000000000e+04,7.900000000000000000e+04,7.900000000000000000e+04,7.900000000000000000e+04,7.900000000000000000e+04,7.900000000000000000e+04,7.900000000000000000e+04,7.900000000000000000e+04,7.900000000000000000e+04,7.900000000000000000e+04,7.900000000000000000e+04,7.900000000000000000e+04,7.900000000000000000e+04,7.900000000000000000e+04,7.900000000000000000e+04,7.900000000000000000e+04,7.900000000000000000e+04,7.900000000000000000e+04,7.900000000000000000e+04,7.900000000000000000e+04,7.900000000000000000e+04,7.900000000000000000e+04,7.900000000000000000e+04,7.900000000000000000e+04,7.900000000000000000e+04,7.900000000000000000e+04,7.900000000000000000e+04,7.900000000000000000e+04,7.900000000000000000e+04,7.900000000000000000e+04,7.897200000000000000e+04,7.870200000000000000e+04,7.868600000000000000e+04,7.837300000000000000e+04,7.833100000000000000e+04,7.765900000000000000e+04,7.757500000000000000e+04,7.762200000000000000e+04,7.769300000000000000e+04,7.690000000000000000e+04,7.696600000000000000e+04,7.681700000000000000e+04,7.673800000000000000e+04,7.670300000000000000e+04,7.629900000000000000e+04,7.539400000000000000e+04,7.547300000000000000e+04,7.368800000000000000e+04
7.900000000000000000e+04,7.900000000000000000e+04,7.900000000000000000e+04,7.900000000000000000e+04,7.900000000000000000e+04,7.900000000000000000e+04,7.900000000000000000e+04,7.900000000000000000e+04,7.900000000000000000e+04,7.900000000000000000e+04,7.900000000000000000e+04,7.900000000000000000e+04,7.900000000000000000e+04,7.900000000000000000e+04,7.900000000000000000e+04,7.900000000000000000e+04,7.900000000000000000e+04,7.900000000000000000e+04,7.900000000000000000e+04,7.900000000000000000e+04,7.900000000000000000e+04,7.900000000000000000e+04,7.900000000000000000e+04,7.900000000000000000e+04,7.900000000000000000e+04,7.900000000000000000e+04,7.900000000000000000e+04,7.900000000000000000e+04,7.900000000000000000e+04,7.900000000000000000e+04,7.900000000000000000e+04,7.900000000000000000e+04,7.900000000000000000e+04,7.900000000000000000e+04,7.900000000000000000e+04,7.900000000000000000e+04,7.900000000000000000e+04,7.900000000000000000e+04,7.900000000000000000e+04,7.900000000000000000e+04,7.900000000000000000e+04,7.900000000000000000e+04,7.900000000000000000e+04,7.900000000000000000e+04,7.900000000000000000e+04,7.900000000000000000e+04,7.900000000000000000e+04,7.900000000000000000e+04,7.900000000000000000e+04,7.900000000000000000e+04,7.900000000000000000e+04,7.900000000000000000e+04,7.900000000000000000e+04,7.900000000000000000e+04,7.900000000000000000e+04,7.900000000000000000e+04,7.900000000000000000e+04,7.900000000000000000e+04,7.900000000000000000e+04,7.900000000000000000e+04,7.900000000000000000e+04,7.900000000000000000e+04,7.900000000000000000e+04,7.900000000000000000e+04,7.900000000000000000e+04,7.900000000000000000e+04,7.900000000000000000e+04,7.900000000000000000e+04,7.900000000000000000e+04,7.900000000000000000e+04,7.900000000000000000e+04,7.900000000000000000e+04,7.900000000000000000e+04,7.900000000000000000e+04,7.900000000000000000e+04,7.900000000000000000e+04,7.900000000000000000e+04,7.900000000000000000e+04,7.900000000000000000e+04,7.900000000000000000e+04,7.900000000000000000e+04,7.900000000000000000e+04,7.900000000000000000e+04,7.900000000000000000e+04,7.897600000000000000e+04,7.870200000000000000e+04,7.872500000000000000e+04,7.834500000000000000e+04,7.828200000000000000e+04,7.761300000000000000e+04,7.762600000000000000e+04,7.760500000000000000e+04,7.765900000000000000e+04,7.688300000000000000e+04,7.690800000000000000e+04,7.685200000000000000e+04,7.677200000000000000e+04,7.679300000000000000e+04,7.677100000000000000e+04,7.546300000000000000e+04,7.538900000000000000e+04
7.900000000000000000e+04,7.900000000000000000e+04,7.900000000000000000e+04,7.900000000000000000e+04,7.900000000000000000e+04,7.900000000000000000e+04,7.900000000000000000e+04,7.900000000000000000e+04,7.900000000000000000e+04,7.900000000000000000e+04,7.900000000000000000e+04,7.900000000000000000e+04,7.900000000000000000e+04,7.900000000000000000e+04,7.900000000000000000e+04,7.900000000000000000e+04,7.900000000000000000e+04,7.900000000000000000e+04,7.900000000000000000e+04,7.900000000000000000e+04,7.900000000000000000e+04,7.900000000000000000e+04,7.900000000000000000e+04,7.900000000000000000e+04,7.900000000000000000e+04,7.900000000000000000e+04,7.900000000000000000e+04,7.900000000000000000e+04,7.900000000000000000e+04,7.900000000000000000e+04,7.900000000000000000e+04,7.900000000000000000e+04,7.900000000000000000e+04,7.900000000000000000e+04,7.900000000000000000e+04,7.900000000000000000e+04,7.900000000000000000e+04,7.900000000000000000e+04,7.900000000000000000e+04,7.900000000000000000e+04,7.900000000000000000e+04,7.900000000000000000e+04,7.900000000000000000e+04,7.900000000000000000e+04,7.900000000000000000e+04,7.900000000000000000e+04,7.900000000000000000e+04,7.900000000000000000e+04,7.900000000000000000e+04,7.900000000000000000e+04,7.900000000000000000e+04,7.900000000000000000e+04,7.900000000000000000e+04,7.900000000000000000e+04,7.900000000000000000e+04,7.900000000000000000e+04,7.900000000000000000e+04,7.900000000000000000e+04,7.900000000000000000e+04,7.900000000000000000e+04,7.900000000000000000e+04,7.900000000000000000e+04,7.900000000000000000e+04,7.900000000000000000e+04,7.900000000000000000e+04,7.900000000000000000e+04,7.900000000000000000e+04,7.900000000000000000e+04,7.900000000000000000e+04,7.900000000000000000e+04,7.900000000000000000e+04,7.900000000000000000e+04,7.900000000000000000e+04,7.900000000000000000e+04,7.900000000000000000e+04,7.900000000000000000e+04,7.900000000000000000e+04,7.900000000000000000e+04,7.900000000000000000e+04,7.900000000000000000e+04,7.900000000000000000e+04,7.900000000000000000e+04,7.900000000000000000e+04,7.900000000000000000e+04,7.900000000000000000e+04,7.897800000000000000e+04,7.869100000000000000e+04,7.869600000000000000e+04,7.829300000000000000e+04,7.835500000000000000e+04,7.839200000000000000e+04,7.760500000000000000e+04,7.766700000000000000e+04,7.764900000000000000e+04,7.691300000000000000e+04,7.693700000000000000e+04,7.692000000000000000e+04,7.687200000000000000e+04,7.677100000000000000e+04,7.678100000000000000e+04,7.641800000000000000e+04
7.900000000000000000e+04,7.900000000000000000e+04,7.900000000000000000e+04,7.900000000000000000e+04,7.900000000000000000e+04,7.900000000000000000e+04,7.900000000000000000e+04,7.900000000000000000e+04,7.900000000000000000e+04,7.900000000000000000e+04,7.900000000000000000e+04,7.900000000000000000e+04,7.900000000000000000e+04,7.900000000000000000e+04,7.900000000000000000e+04,7.900000000000000000e+04,7.900000000000000000e+04,7.900000000000000000e+04,7.900000000000000000e+04,7.900000000000000000e+04,7.900000000000000000e+04,7.900000000000000000e+04,7.900000000000000000e+04,7.900000000000000000e+04,7.900000000000000000e+04,7.900000000000000000e+04,7.900000000000000000e+04,7.900000000000000000e+04,7.900000000000000000e+04,7.900000000000000000e+04,7.900000000000000000e+04,7.900000000000000000e+04,7.900000000000000000e+04,7.900000000000000000e+04,7.900000000000000000e+04,7.900000000000000000e+04,7.900000000000000000e+04,7.900000000000000000e+04,7.900000000000000000e+04,7.900000000000000000e+04,7.900000000000000000e+04,7.900000000000000000e+04,7.900000000000000000e+04,7.900000000000000000e+04,7.900000000000000000e+04,7.900000000000000000e+04,7.900000000000000000e+04,7.900000000000000000e+04,7.900000000000000000e+04,7.900000000000000000e+04,7.900000000000000000e+04,7.900000000000000000e+04,7.900000000000000000e+04,7.900000000000000000e+04,7.900000000000000000e+04,7.900000000000000000e+04,7.900000000000000000e+04,7.900000000000000000e+04,7.900000000000000000e+04,7.900000000000000000e+04,7.900000000000000000e+04,7.900000000000000000e+04,7.900000000000000000e+04,7.900000000000000000e+04,7.900000000000000000e+04,7.900000000000000000e+04,7.900000000000000000e+04,7.900000000000000000e+04,7.900000000000000000e+04,7.900000000000000000e+04,7.900000000000000000e+04,7.900000000000000000e+04,7.900000000000000000e+04,7.900000000000000000e+04,7.900000000000000000e+04,7.900000000000000000e+04,7.900000000000000000e+04,7.900000000000000000e+04,7.900000000000000000e+04,7.900000000000000000e+04,7.900000000000000000e+04,7.900000000000000000e+04,7.900000000000000000e+04,7.900000000000000000e+04,7.900000000000000000e+04,7.900000000000000000e+04,7.896500000000000000e+04,7.868900000000000000e+04,7.869900000000000000e+04,7.834300000000000000e+04,7.833800000000000000e+04,7.838200000000000000e+04,7.763900000000000000e+04,7.763700000000000000e+04,7.767700000000000000e+04,7.756400000000000000e+04,7.690200000000000000e+04,7.700500000000000000e+04,7.684200000000000000e+04,7.677900000000000000e+04,7.679000000000000000e+04
7.900000000000000000e+04,7.900000000000000000e+04,7.900000000000000000e+04,7.900000000000000000e+04,7.900000000000000000e+04,7.900000000000000000e+04,7.900000000000000000e+04,7.900000000000000000e+04,7.900000000000000000e+04,7.900000000000000000e+04,7.900000000000000000e+04,7.900000000000000000e+04,7.900000000000000000e+04,7.900000000000000000e+04,7.900000000000000000e+04,7.900000000000000000e+04,7.900000000000000000e+04,7.900000000000000000e+04,7.900000000000000000e+04,7.900000000000000000e+04,7.900000000000000000e+04,7.900000000000000000e+04,7.900000000000000000e+04,7.900000000000000000e+04,7.900000000000000000e+04,7.900000000000000000e+04,7.900000000000000000e+04,7.900000000000000000e+04,7.900000000000000000e+04,7.900000000000000000e+04,7.900000000000000000e+04,7.900000000000000000e+04,7.900000000000000000e+04,7.900000000000000000e+04,7.900000000000000000e+04,7.900000000000000000e+04,7.900000000000000000e+04,7.900000000000000000e+04,7.900000000000000000e+04,7.900000000000000000e+04,7.900000000000000000e+04,7.900000000000000000e+04,7.900000000000000000e+04,7.900000000000000000e+04,7.900000000000000000e+04,7.900000000000000000e+04,7.900000000000000000e+04,7.900000000000000000e+04,7.900000000000000000e+04,7.900000000000000000e+04,7.900000000000000000e+04,7.900000000000000000e+04,7.900000000000000000e+04,7.900000000000000000e+04,7.900000000000000000e+04,7.900000000000000000e+04,7.900000000000000000e+04,7.900000000000000000e+04,7.900000000000000000e+04,7.900000000000000000e+04,7.900000000000000000e+04,7.900000000000000000e+04,7.900000000000000000e+04,7.900000000000000000e+04,7.900000000000000000e+04,7.900000000000000000e+04,7.900000000000000000e+04,7.900000000000000000e+04,7.900000000000000000e+04,7.900000000000000000e+04,7.900000000000000000e+04,7.900000000000000000e+04,7.900000000000000000e+04,7.900000000000000000e+04,7.900000000000000000e+04,7.900000000000000000e+04,7.900000000000000000e+04,7.900000000000000000e+04,7.900000000000000000e+04,7.900000000000000000e+04,7.900000000000000000e+04,7.900000000000000000e+04,7.900000000000000000e+04,7.900000000000000000e+04,7.900000000000000000e+04,7.900000000000000000e+04,7.900000000000000000e+04,7.896800000000000000e+04,7.880100000000000000e+04,7.871700000000000000e+04,7.832400000000000000e+04,7.834700000000000000e+04,7.833700000000000000e+04,7.768300000000000000e+04,7.756500000000000000e+04,7.756600000000000000e+04,7.757000000000000000e+04,7.690700000000000000e+04,7.688200000000000000e+04,7.689000000000000000e+04,7.666200000000000000e+04
7.900000000000000000e+04,7.900000000000000000e+04,7.900000000000000000e+04,7.900000000000000000e+04,7.900000000000000000e+04,7.900000000000000000e+04,7.900000000000000000e+04,7.900000000000000000e+04,7.900000000000000000e+04,7.900000000000000000e+04,7.900000000000000000e+04,7.900000000000000000e+04,7.900000000000000000e+04,7.900000000000000000e+04,7.900000000000000000e+04,7.900000000000000000e+04,7.900000000000000000e+04,7.900000000000000000e+04,7.900000000000000000e+04,7.900000000000000000e+04,7.900000000000000000e+04,7.900000000000000000e+04,7.900000000000000000e+04,7.900000000000000000e+04,7.900000000000000000e+04,7.900000000000000000e+04,7.900000000000000000e+04,7.900000000000000000e+04,7.900000000000000000e+04,7.900000000000000000e+04,7.900000000000000000e+04,7.900000000000000000e+04,7.900000000000000000e+04,7.900000000000000000e+04,7.900000000000000000e+04,7.900000000000000000e+04,7.900000000000000000e+04,7.900000000000000000e+04,7.900000000000000000e+04,7.900000000000000000e+04,7.900000000000000000e+04,7.900000000000000000e+04,7.900000000000000000e+04,7.900000000000000000e+04,7.900000000000000000e+04,7.900000000000000000e+04,7.900000000000000000e+04,7.900000000000000000e+04,7.900000000000000000e+04,7.900000000000000000e+04,7.900000000000000000e+04,7.900000000000000000e+04,7.900000000000000000e+04,7.900000000000000000e+04,7.900000000000000000e+04,7.900000000000000000e+04,7.900000000000000000e+04,7.900000000000000000e+04,7.900000000000000000e+04,7.900000000000000000e+04,7.900000000000000000e+04,7.900000000000000000e+04,7.900000000000000000e+04,7.900000000000000000e+04,7.900000000000000000e+04,7.900000000000000000e+04,7.900000000000000000e+04,7.900000000000000000e+04,7.900000000000000000e+04,7.900000000000000000e+04,7.900000000000000000e+04,7.900000000000000000e+04,7.900000000000000000e+04,7.900000000000000000e+04,7.900000000000000000e+04,7.900000000000000000e+04,7.900000000000000000e+04,7.900000000000000000e+04,7.900000000000000000e+04,7.900000000000000000e+04,7.900000000000000000e+04,7.900000000000000000e+04,7.900000000000000000e+04,7.900000000000000000e+04,7.900000000000000000e+04,7.900000000000000000e+04,7.900000000000000000e+04,7.900000000000000000e+04,7.897200000000000000e+04,7.879000000000000000e+04,7.868800000000000000e+04,7.873600000000000000e+04,7.833100000000000000e+04,7.835600000000000000e+04,7.761300000000000000e+04,7.764200000000000000e+04,7.768600000000000000e+04,7.760400000000000000e+04,7.695400000000000000e+04,7.685800000000000000e+04,7.691500000000000000e+04
7.900000000000000000e+04,7.900000000000000000e+04,7.900000000000000000e+04,7.900000000000000000e+04,7.900000000000000000e+04,7.900000000000000000e+04,7.900000000000000000e+04,7.900000000000000000e+04,7.900000000000000000e+04,7.900000000000000000e+04,7.900000000000000000e+04,7.900000000000000000e+04,7.900000000000000000e+04,7.900000000000000000e+04,7.900000000000000000e+04,7.900000000000000000e+04,7.900000000000000000e+04,7.900000000000000000e+04,7.900000000000000000e+04,7.900000000000000000e+04,7.900000000000000000e+04,7.900000000000000000e+04,7.900000000000000000e+04,7.900000000000000000e+04,7.900000000000000000e+04,7.900000000000000000e+04,7.900000000000000000e+04,7.900000000000000000e+04,7.900000000000000000e+04,7.900000000000000000e+04,7.900000000000000000e+04,7.900000000000000000e+04,7.900000000000000000e+04,7.900000000000000000e+04,7.900000000000000000e+04,7.900000000000000000e+04,7.900000000000000000e+04,7.900000000000000000e+04,7.900000000000000000e+04,7.900000000000000000e+04,7.900000000000000000e+04,7.900000000000000000e+04,7.900000000000000000e+04,7.900000000000000000e+04,7.900000000000000000e+04,7.900000000000000000e+04,7.900000000000000000e+04,7.900000000000000000e+04,7.900000000000000000e+04,7.900000000000000000e+04,7.900000000000000000e+04,7.900000000000000000e+04,7.900000000000000000e+04,7.900000000000000000e+04,7.900000000000000000e+04,7.900000000000000000e+04,7.900000000000000000e+04,7.900000000000000000e+04,7.900000000000000000e+04,7.900000000000000000e+04,7.900000000000000000e+04,7.900000000000000000e+04,7.900000000000000000e+04,7.900000000000000000e+04,7.900000000000000000e+04,7.900000000000000000e+04,7.900000000000000000e+04,7.900000000000000000e+04,7.900000000000000000e+04,7.900000000000000000e+04,7.900000000000000000e+04,7.900000000000000000e+04,7.900000000000000000e+04,7.900000000000000000e+04,7.900000000000000000e+04,7.900000000000000000e+04,7.900000000000000000e+04,7.900000000000000000e+04,7.900000000000000000e+04,7.900000000000000000e+04,7.900000000000000000e+04,7.900000000000000000e+04,7.900000000000000000e+04,7.900000000000000000e+04,7.900000000000000000e+04,7.900000000000000000e+04,7.900000000000000000e+04,7.900000000000000000e+04,7.900000000000000000e+04,7.897300000000000000e+04,7.877800000000000000e+04,7.865100000000000000e+04,7.869700000000000000e+04,7.834100000000000000e+04,7.833900000000000000e+04,7.762200000000000000e+04,7.766800000000000000e+04,7.766000000000000000e+04,7.762600000000000000e+04,7.691800000000000000e+04,7.683900000000000000e+04
7.900000000000000000e+04,7.900000000000000000e+04,7.900000000000000000e+04,7.900000000000000000e+04,7.900000000000000000e+04,7.900000000000000000e+04,7.900000000000000000e+04,7.900000000000000000e+04,7.900000000000000000e+04,7.900000000000000000e+04,7.900000000000000000e+04,7.900000000000000000e+04,7.900000000000000000e+04,7.900000000000000000e+04,7.900000000000000000e+04,7.900000000000000000e+04,7.900000000000000000e+04,7.900000000000000000e+04,7.900000000000000000e+04,7.900000000000000000e+04,7.900000000000000000e+04,7.900000000000000000e+04,7.900000000000000000e+04,7.900000000000000000e+04,7.900000000000000000e+04,7.900000000000000000e+04,7.900000000000000000e+04,7.900000000000000000e+04,7.900000000000000000e+04,7.900000000000000000e+04,7.900000000000000000e+04,7.900000000000000000e+04,7.900000000000000000e+04,7.900000000000000000e+04,7.900000000000000000e+04,7.900000000000000000e+04,7.900000000000000000e+04,7.900000000000000000e+04,7.900000000000000000e+04,7.900000000000000000e+04,7.900000000000000000e+04,7.900000000000000000e+04,7.900000000000000000e+04,7.900000000000000000e+04,7.900000000000000000e+04,7.900000000000000000e+04,7.900000000000000000e+04,7.900000000000000000e+04,7.900000000000000000e+04,7.900000000000000000e+04,7.900000000000000000e+04,7.900000000000000000e+04,7.900000000000000000e+04,7.900000000000000000e+04,7.900000000000000000e+04,7.900000000000000000e+04,7.900000000000000000e+04,7.900000000000000000e+04,7.900000000000000000e+04,7.900000000000000000e+04,7.900000000000000000e+04,7.900000000000000000e+04,7.900000000000000000e+04,7.900000000000000000e+04,7.900000000000000000e+04,7.900000000000000000e+04,7.900000000000000000e+04,7.900000000000000000e+04,7.900000000000000000e+04,7.900000000000000000e+04,7.900000000000000000e+04,7.900000000000000000e+04,7.900000000000000000e+04,7.900000000000000000e+04,7.900000000000000000e+04,7.900000000000000000e+04,7.900000000000000000e+04,7.900000000000000000e+04,7.900000000000000000e+04,7.900000000000000000e+04,7.900000000000000000e+04,7.900000000000000000e+04,7.900000000000000000e+04,7.900000000000000000e+04,7.900000000000000000e+04,7.900000000000000000e+04,7.900000000000000000e+04,7.900000000000000000e+04,7.900000000000000000e+04,7.900000000000000000e+04,7.900000000000000000e+04,7.879100000000000000e+04,7.867200000000000000e+04,7.870900000000000000e+04,7.830600000000000000e+04,7.831600000000000000e+04,7.764200000000000000e+04,7.762900000000000000e+04,7.766300000000000000e+04,7.765400000000000000e+04,7.766200000000000000e+04
7.900000000000000000e+04,7.900000000000000000e+04,7.900000000000000000e+04,7.900000000000000000e+04,7.900000000000000000e+04,7.900000000000000000e+04,7.900000000000000000e+04,7.900000000000000000e+04,7.900000000000000000e+04,7.900000000000000000e+04,7.900000000000000000e+04,7.900000000000000000e+04,7.900000000000000000e+04,7.900000000000000000e+04,7.900000000000000000e+04,7.900000000000000000e+04,7.900000000000000000e+04,7.900000000000000000e+04,7.900000000000000000e+04,7.900000000000000000e+04,7.900000000000000000e+04,7.900000000000000000e+04,7.900000000000000000e+04,7.900000000000000000e+04,7.900000000000000000e+04,7.900000000000000000e+04,7.900000000000000000e+04,7.900000000000000000e+04,7.900000000000000000e+04,7.900000000000000000e+04,7.900000000000000000e+04,7.900000000000000000e+04,7.900000000000000000e+04,7.900000000000000000e+04,7.900000000000000000e+04,7.900000000000000000e+04,7.900000000000000000e+04,7.900000000000000000e+04,7.900000000000000000e+04,7.900000000000000000e+04,7.900000000000000000e+04,7.900000000000000000e+04,7.900000000000000000e+04,7.900000000000000000e+04,7.900000000000000000e+04,7.900000000000000000e+04,7.900000000000000000e+04,7.900000000000000000e+04,7.900000000000000000e+04,7.900000000000000000e+04,7.900000000000000000e+04,7.900000000000000000e+04,7.900000000000000000e+04,7.900000000000000000e+04,7.900000000000000000e+04,7.900000000000000000e+04,7.900000000000000000e+04,7.900000000000000000e+04,7.900000000000000000e+04,7.900000000000000000e+04,7.900000000000000000e+04,7.900000000000000000e+04,7.900000000000000000e+04,7.900000000000000000e+04,7.900000000000000000e+04,7.900000000000000000e+04,7.900000000000000000e+04,7.900000000000000000e+04,7.900000000000000000e+04,7.900000000000000000e+04,7.900000000000000000e+04,7.900000000000000000e+04,7.900000000000000000e+04,7.900000000000000000e+04,7.900000000000000000e+04,7.900000000000000000e+04,7.900000000000000000e+04,7.900000000000000000e+04,7.900000000000000000e+04,7.900000000000000000e+04,7.900000000000000000e+04,7.900000000000000000e+04,7.900000000000000000e+04,7.900000000000000000e+04,7.900000000000000000e+04,7.900000000000000000e+04,7.900000000000000000e+04,7.900000000000000000e+04,7.900000000000000000e+04,7.900000000000000000e+04,7.900000000000000000e+04,7.900000000000000000e+04,7.878500000000000000e+04,7.870000000000000000e+04,7.867000000000000000e+04,7.831300000000000000e+04,7.833600000000000000e+04,7.835100000000000000e+04,7.761900000000000000e+04,7.762600000000000000e+04,7.763000000000000000e+04
7.900000000000000000e+04,7.900000000000000000e+04,7.900000000000000000e+04,7.900000000000000000e+04,7.900000000000000000e+04,7.900000000000000000e+04,7.900000000000000000e+04,7.900000000000000000e+04,7.900000000000000000e+04,7.900000000000000000e+04,7.900000000000000000e+04,7.900000000000000000e+04,7.900000000000000000e+04,7.900000000000000000e+04,7.900000000000000000e+04,7.900000000000000000e+04,7.900000000000000000e+04,7.900000000000000000e+04,7.900000000000000000e+04,7.900000000000000000e+04,7.900000000000000000e+04,7.900000000000000000e+04,7.900000000000000000e+04,7.900000000000000000e+04,7.900000000000000000e+04,7.900000000000000000e+04,7.900000000000000000e+04,7.900000000000000000e+04,7.900000000000000000e+04,7.900000000000000000e+04,7.900000000000000000e+04,7.900000000000000000e+04,7.900000000000000000e+04,7.900000000000000000e+04,7.900000000000000000e+04,7.900000000000000000e+04,7.900000000000000000e+04,7.900000000000000000e+04,7.900000000000000000e+04,7.900000000000000000e+04,7.900000000000000000e+04,7.900000000000000000e+04,7.900000000000000000e+04,7.900000000000000000e+04,7.900000000000000000e+04,7.900000000000000000e+04,7.900000000000000000e+04,7.900000000000000000e+04,7.900000000000000000e+04,7.900000000000000000e+04,7.900000000000000000e+04,7.900000000000000000e+04,7.900000000000000000e+04,7.900000000000000000e+04,7.900000000000000000e+04,7.900000000000000000e+04,7.900000000000000000e+04,7.900000000000000000e+04,7.900000000000000000e+04,7.900000000000000000e+04,7.900000000000000000e+04,7.900000000000000000e+04,7.900000000000000000e+04,7.900000000000000000e+04,7.900000000000000000e+04,7.900000000000000000e+04,7.900000000000000000e+04,7.900000000000000000e+04,7.900000000000000000e+04,7.900000000000000000e+04,7.900000000000000000e+04,7.900000000000000000e+04,7.900000000000000000e+04,7.900000000000000000e+04,7.900000000000000000e+04,7.900000000000000000e+04,7.900000000000000000e+04,7.900000000000000000e+04,7.900000000000000000e+04,7.900000000000000000e+04,7.900000000000000000e+04,7.900000000000000000e+04,7.900000000000000000e+04,7.900000000000000000e+04,7.900000000000000000e+04,7.900000000000000000e+04,7.900000000000000000e+04,7.900000000000000000e+04,7.900000000000000000e+04,7.900000000000000000e+04,7.900000000000000000e+04,7.900000000000000000e+04,7.900000000000000000e+04,7.879100000000000000e+04,7.865400000000000000e+04,7.869200000000000000e+04,7.835400000000000000e+04,7.831500000000000000e+04,7.838500000000000000e+04,7.760800000000000000e+04,7.755600000000000000e+04
7.900000000000000000e+04,7.900000000000000000e+04,7.900000000000000000e+04,7.900000000000000000e+04,7.900000000000000000e+04,7.900000000000000000e+04,7.900000000000000000e+04,7.900000000000000000e+04,7.900000000000000000e+04,7.900000000000000000e+04,7.900000000000000000e+04,7.900000000000000000e+04,7.900000000000000000e+04,7.900000000000000000e+04,7.900000000000000000e+04,7.900000000000000000e+04,7.900000000000000000e+04,7.900000000000000000e+04,7.900000000000000000e+04,7.900000000000000000e+04,7.900000000000000000e+04,7.900000000000000000e+04,7.900000000000000000e+04,7.900000000000000000e+04,7.900000000000000000e+04,7.900000000000000000e+04,7.900000000000000000e+04,7.900000000000000000e+04,7.900000000000000000e+04,7.900000000000000000e+04,7.900000000000000000e+04,7.900000000000000000e+04,7.900000000000000000e+04,7.900000000000000000e+04,7.900000000000000000e+04,7.900000000000000000e+04,7.900000000000000000e+04,7.900000000000000000e+04,7.900000000000000000e+04,7.900000000000000000e+04,7.900000000000000000e+04,7.900000000000000000e+04,7.900000000000000000e+04,7.900000000000000000e+04,7.900000000000000000e+04,7.900000000000000000e+04,7.900000000000000000e+04,7.900000000000000000e+04,7.900000000000000000e+04,7.900000000000000000e+04,7.900000000000000000e+04,7.900000000000000000e+04,7.900000000000000000e+04,7.900000000000000000e+04,7.900000000000000000e+04,7.900000000000000000e+04,7.900000000000000000e+04,7.900000000000000000e+04,7.900000000000000000e+04,7.900000000000000000e+04,7.900000000000000000e+04,7.900000000000000000e+04,7.900000000000000000e+04,7.900000000000000000e+04,7.900000000000000000e+04,7.900000000000000000e+04,7.900000000000000000e+04,7.900000000000000000e+04,7.900000000000000000e+04,7.900000000000000000e+04,7.900000000000000000e+04,7.900000000000000000e+04,7.900000000000000000e+04,7.900000000000000000e+04,7.900000000000000000e+04,7.900000000000000000e+04,7.900000000000000000e+04,7.900000000000000000e+04,7.900000000000000000e+04,7.900000000000000000e+04,7.900000000000000000e+04,7.900000000000000000e+04,7.900000000000000000e+04,7.900000000000000000e+04,7.900000000000000000e+04,7.900000000000000000e+04,7.900000000000000000e+04,7.900000000000000000e+04,7.900000000000000000e+04,7.900000000000000000e+04,7.900000000000000000e+04,7.900000000000000000e+04,7.900000000000000000e+04,7.900000000000000000e+04,7.876600000000000000e+04,7.869800000000000000e+04,7.869700000000000000e+04,7.833500000000000000e+04,7.833200000000000000e+04,7.838100000000000000e+04,7.757000000000000000e+04
7.900000000000000000e+04,7.900000000000000000e+04,7.900000000000000000e+04,7.900000000000000000e+04,7.900000000000000000e+04,7.900000000000000000e+04,7.900000000000000000e+04,7.900000000000000000e+04,7.900000000000000000e+04,7.900000000000000000e+04,7.900000000000000000e+04,7.900000000000000000e+04,7.900000000000000000e+04,7.900000000000000000e+04,7.900000000000000000e+04,7.900000000000000000e+04,7.900000000000000000e+04,7.900000000000000000e+04,7.900000000000000000e+04,7.900000000000000000e+04,7.900000000000000000e+04,7.900000000000000000e+04,7.900000000000000000e+04,7.900000000000000000e+04,7.900000000000000000e+04,7.900000000000000000e+04,7.900000000000000000e+04,7.900000000000000000e+04,7.900000000000000000e+04,7.900000000000000000e+04,7.900000000000000000e+04,7.900000000000000000e+04,7.900000000000000000e+04,7.900000000000000000e+04,7.900000000000000000e+04,7.900000000000000000e+04,7.900000000000000000e+04,7.900000000000000000e+04,7.900000000000000000e+04,7.900000000000000000e+04,7.900000000000000000e+04,7.900000000000000000e+04,7.900000000000000000e+04,7.900000000000000000e+04,7.900000000000000000e+04,7.900000000000000000e+04,7.900000000000000000e+04,7.900000000000000000e+04,7.900000000000000000e+04,7.900000000000000000e+04,7.900000000000000000e+04,7.900000000000000000e+04,7.900000000000000000e+04,7.900000000000000000e+04,7.900000000000000000e+04,7.900000000000000000e+04,7.900000000000000000e+04,7.900000000000000000e+04,7.900000000000000000e+04,7.900000000000000000e+04,7.900000000000000000e+04,7.900000000000000000e+04,7.900000000000000000e+04,7.900000000000000000e+04,7.900000000000000000e+04,7.900000000000000000e+04,7.900000000000000000e+04,7.900000000000000000e+04,7.900000000000000000e+04,7.900000000000000000e+04,7.900000000000000000e+04,7.900000000000000000e+04,7.900000000000000000e+04,7.900000000000000000e+04,7.900000000000000000e+04,7.900000000000000000e+04,7.900000000000000000e+04,7.900000000000000000e+04,7.900000000000000000e+04,7.900000000000000000e+04,7.900000000000000000e+04,7.900000000000000000e+04,7.900000000000000000e+04,7.900000000000000000e+04,7.900000000000000000e+04,7.900000000000000000e+04,7.900000000000000000e+04,7.900000000000000000e+04,7.900000000000000000e+04,7.900000000000000000e+04,7.900000000000000000e+04,7.900000000000000000e+04,7.900000000000000000e+04,7.900000000000000000e+04,7.900000000000000000e+04,7.874400000000000000e+04,7.870000000000000000e+04,7.868400000000000000e+04,7.868900000000000000e+04,7.836900000000000000e+04,7.833600000000000000e+04
7.900000000000000000e+04,7.900000000000000000e+04,7.900000000000000000e+04,7.900000000000000000e+04,7.900000000000000000e+04,7.900000000000000000e+04,7.900000000000000000e+04,7.900000000000000000e+04,7.900000000000000000e+04,7.900000000000000000e+04,7.900000000000000000e+04,7.900000000000000000e+04,7.900000000000000000e+04,7.900000000000000000e+04,7.900000000000000000e+04,7.900000000000000000e+04,7.900000000000000000e+04,7.900000000000000000e+04,7.900000000000000000e+04,7.900000000000000000e+04,7.900000000000000000e+04,7.900000000000000000e+04,7.900000000000000000e+04,7.900000000000000000e+04,7.900000000000000000e+04,7.900000000000000000e+04,7.900000000000000000e+04,7.900000000000000000e+04,7.900000000000000000e+04,7.900000000000000000e+04,7.900000000000000000e+04,7.900000000000000000e+04,7.900000000000000000e+04,7.900000000000000000e+04,7.900000000000000000e+04,7.900000000000000000e+04,7.900000000000000000e+04,7.900000000000000000e+04,7.900000000000000000e+04,7.900000000000000000e+04,7.900000000000000000e+04,7.900000000000000000e+04,7.900000000000000000e+04,7.900000000000000000e+04,7.900000000000000000e+04,7.900000000000000000e+04,7.900000000000000000e+04,7.900000000000000000e+04,7.900000000000000000e+04,7.900000000000000000e+04,7.900000000000000000e+04,7.900000000000000000e+04,7.900000000000000000e+04,7.900000000000000000e+04,7.900000000000000000e+04,7.900000000000000000e+04,7.900000000000000000e+04,7.900000000000000000e+04,7.900000000000000000e+04,7.900000000000000000e+04,7.900000000000000000e+04,7.900000000000000000e+04,7.900000000000000000e+04,7.900000000000000000e+04,7.900000000000000000e+04,7.900000000000000000e+04,7.900000000000000000e+04,7.900000000000000000e+04,7.900000000000000000e+04,7.900000000000000000e+04,7.900000000000000000e+04,7.900000000000000000e+04,7.900000000000000000e+04,7.900000000000000000e+04,7.900000000000000000e+04,7.900000000000000000e+04,7.900000000000000000e+04,7.900000000000000000e+04,7.900000000000000000e+04,7.900000000000000000e+04,7.900000000000000000e+04,7.900000000000000000e+04,7.900000000000000000e+04,7.900000000000000000e+04,7.900000000000000000e+04,7.900000000000000000e+04,7.900000000000000000e+04,7.900000000000000000e+04,7.900000000000000000e+04,7.900000000000000000e+04,7.900000000000000000e+04,7.900000000000000000e+04,7.900000000000000000e+04,7.900000000000000000e+04,7.900000000000000000e+04,7.900000000000000000e+04,7.875300000000000000e+04,7.877800000000000000e+04,7.867600000000000000e+04,7.867900000000000000e+04,7.831900000000000000e+04
7.900000000000000000e+04,7.900000000000000000e+04,7.900000000000000000e+04,7.900000000000000000e+04,7.900000000000000000e+04,7.900000000000000000e+04,7.900000000000000000e+04,7.900000000000000000e+04,7.900000000000000000e+04,7.900000000000000000e+04,7.900000000000000000e+04,7.900000000000000000e+04,7.900000000000000000e+04,7.900000000000000000e+04,7.900000000000000000e+04,7.900000000000000000e+04,7.900000000000000000e+04,7.900000000000000000e+04,7.900000000000000000e+04,7.900000000000000000e+04,7.900000000000000000e+04,7.900000000000000000e+04,7.900000000000000000e+04,7.900000000000000000e+04,7.900000000000000000e+04,7.900000000000000000e+04,7.900000000000000000e+04,7.900000000000000000e+04,7.900000000000000000e+04,7.900000000000000000e+04,7.900000000000000000e+04,7.900000000000000000e+04,7.900000000000000000e+04,7.900000000000000000e+04,7.900000000000000000e+04,7.900000000000000000e+04,7.900000000000000000e+04,7.900000000000000000e+04,7.900000000000000000e+04,7.900000000000000000e+04,7.900000000000000000e+04,7.900000000000000000e+04,7.900000000000000000e+04,7.900000000000000000e+04,7.900000000000000000e+04,7.900000000000000000e+04,7.900000000000000000e+04,7.900000000000000000e+04,7.900000000000000000e+04,7.900000000000000000e+04,7.900000000000000000e+04,7.900000000000000000e+04,7.900000000000000000e+04,7.900000000000000000e+04,7.900000000000000000e+04,7.900000000000000000e+04,7.900000000000000000e+04,7.900000000000000000e+04,7.900000000000000000e+04,7.900000000000000000e+04,7.900000000000000000e+04,7.900000000000000000e+04,7.900000000000000000e+04,7.900000000000000000e+04,7.900000000000000000e+04,7.900000000000000000e+04,7.900000000000000000e+04,7.900000000000000000e+04,7.900000000000000000e+04,7.900000000000000000e+04,7.900000000000000000e+04,7.900000000000000000e+04,7.900000000000000000e+04,7.900000000000000000e+04,7.900000000000000000e+04,7.900000000000000000e+04,7.900000000000000000e+04,7.900000000000000000e+04,7.900000000000000000e+04,7.900000000000000000e+04,7.900000000000000000e+04,7.900000000000000000e+04,7.900000000000000000e+04,7.900000000000000000e+04,7.900000000000000000e+04,7.900000000000000000e+04,7.900000000000000000e+04,7.900000000000000000e+04,7.900000000000000000e+04,7.900000000000000000e+04,7.900000000000000000e+04,7.900000000000000000e+04,7.900000000000000000e+04,7.900000000000000000e+04,7.900000000000000000e+04,7.900000000000000000e+04,7.900000000000000000e+04,7.875500000000000000e+04,7.876800000000000000e+04,7.868800000000000000e+04,7.870500000000000000e+04
7.900000000000000000e+04,7.900000000000000000e+04,7.900000000000000000e+04,7.900000000000000000e+04,7.900000000000000000e+04,7.900000000000000000e+04,7.900000000000000000e+04,7.900000000000000000e+04,7.900000000000000000e+04,7.900000000000000000e+04,7.900000000000000000e+04,7.900000000000000000e+04,7.900000000000000000e+04,7.900000000000000000e+04,7.900000000000000000e+04,7.900000000000000000e+04,7.900000000000000000e+04,7.900000000000000000e+04,7.900000000000000000e+04,7.900000000000000000e+04,7.900000000000000000e+04,7.900000000000000000e+04,7.900000000000000000e+04,7.900000000000000000e+04,7.900000000000000000e+04,7.900000000000000000e+04,7.900000000000000000e+04,7.900000000000000000e+04,7.900000000000000000e+04,7.900000000000000000e+04,7.900000000000000000e+04,7.900000000000000000e+04,7.900000000000000000e+04,7.900000000000000000e+04,7.900000000000000000e+04,7.900000000000000000e+04,7.900000000000000000e+04,7.900000000000000000e+04,7.900000000000000000e+04,7.900000000000000000e+04,7.900000000000000000e+04,7.900000000000000000e+04,7.900000000000000000e+04,7.900000000000000000e+04,7.900000000000000000e+04,7.900000000000000000e+04,7.900000000000000000e+04,7.900000000000000000e+04,7.900000000000000000e+04,7.900000000000000000e+04,7.900000000000000000e+04,7.900000000000000000e+04,7.900000000000000000e+04,7.900000000000000000e+04,7.900000000000000000e+04,7.900000000000000000e+04,7.900000000000000000e+04,7.900000000000000000e+04,7.900000000000000000e+04,7.900000000000000000e+04,7.900000000000000000e+04,7.900000000000000000e+04,7.900000000000000000e+04,7.900000000000000000e+04,7.900000000000000000e+04,7.900000000000000000e+04,7.900000000000000000e+04,7.900000000000000000e+04,7.900000000000000000e+04,7.900000000000000000e+04,7.900000000000000000e+04,7.900000000000000000e+04,7.900000000000000000e+04,7.900000000000000000e+04,7.900000000000000000e+04,7.900000000000000000e+04,7.900000000000000000e+04,7.900000000000000000e+04,7.900000000000000000e+04,7.900000000000000000e+04,7.900000000000000000e+04,7.900000000000000000e+04,7.900000000000000000e+04,7.900000000000000000e+04,7.900000000000000000e+04,7.900000000000000000e+04,7.900000000000000000e+04,7.900000000000000000e+04,7.900000000000000000e+04,7.900000000000000000e+04,7.900000000000000000e+04,7.900000000000000000e+04,7.900000000000000000e+04,7.900000000000000000e+04,7.900000000000000000e+04,7.900000000000000000e+04,7.900000000000000000e+04,7.900000000000000000e+04,7.874900000000000000e+04,7.876600000000000000e+04,7.870500000000000000e+04
7.900000000000000000e+04,7.900000000000000000e+04,7.900000000000000000e+04,7.900000000000000000e+04,7.900000000000000000e+04,7.900000000000000000e+04,7.900000000000000000e+04,7.900000000000000000e+04,7.900000000000000000e+04,7.900000000000000000e+04,7.900000000000000000e+04,7.900000000000000000e+04,7.900000000000000000e+04,7.900000000000000000e+04,7.900000000000000000e+04,7.900000000000000000e+04,7.900000000000000000e+04,7.900000000000000000e+04,7.900000000000000000e+04,7.900000000000000000e+04,7.900000000000000000e+04,7.900000000000000000e+04,7.900000000000000000e+04,7.900000000000000000e+04,7.900000000000000000e+04,7.900000000000000000e+04,7.900000000000000000e+04,7.900000000000000000e+04,7.900000000000000000e+04,7.900000000000000000e+04,7.900000000000000000e+04,7.900000000000000000e+04,7.900000000000000000e+04,7.900000000000000000e+04,7.900000000000000000e+04,7.900000000000000000e+04,7.900000000000000000e+04,7.900000000000000000e+04,7.900000000000000000e+04,7.900000000000000000e+04,7.900000000000000000e+04,7.900000000000000000e+04,7.900000000000000000e+04,7.900000000000000000e+04,7.900000000000000000e+04,7.900000000000000000e+04,7.900000000000000000e+04,7.900000000000000000e+04,7.900000000000000000e+04,7.900000000000000000e+04,7.900000000000000000e+04,7.900000000000000000e+04,7.900000000000000000e+04,7.900000000000000000e+04,7.900000000000000000e+04,7.900000000000000000e+04,7.900000000000000000e+04,7.900000000000000000e+04,7.900000000000000000e+04,7.900000000000000000e+04,7.900000000000000000e+04,7.900000000000000000e+04,7.900000000000000000e+04,7.900000000000000000e+04,7.900000000000000000e+04,7.900000000000000000e+04,7.900000000000000000e+04,7.900000000000000000e+04,7.900000000000000000e+04,7.900000000000000000e+04,7.900000000000000000e+04,7.900000000000000000e+04,7.900000000000000000e+04,7.900000000000000000e+04,7.900000000000000000e+04,7.900000000000000000e+04,7.900000000000000000e+04,7.900000000000000000e+04,7.900000000000000000e+04,7.900000000000000000e+04,7.900000000000000000e+04,7.900000000000000000e+04,7.900000000000000000e+04,7.900000000000000000e+04,7.900000000000000000e+04,7.900000000000000000e+04,7.900000000000000000e+04,7.900000000000000000e+04,7.900000000000000000e+04,7.900000000000000000e+04,7.900000000000000000e+04,7.900000000000000000e+04,7.900000000000000000e+04,7.900000000000000000e+04,7.900000000000000000e+04,7.900000000000000000e+04,7.900000000000000000e+04,7.900000000000000000e+04,7.900000000000000000e+04,7.876400000000000000e+04,7.875600000000000000e+04
7.900000000000000000e+04,7.900000000000000000e+04,7.900000000000000000e+04,7.900000000000000000e+04,7.900000000000000000e+04,7.900000000000000000e+04,7.900000000000000000e+04,7.900000000000000000e+04,7.900000000000000000e+04,7.900000000000000000e+04,7.900000000000000000e+04,7.900000000000000000e+04,7.900000000000000000e+04,7.900000000000000000e+04,7.900000000000000000e+04,7.900000000000000000e+04,7.900000000000000000e+04,7.900000000000000000e+04,7.900000000000000000e+04,7.900000000000000000e+04,7.900000000000000000e+04,7.900000000000000000e+04,7.900000000000000000e+04,7.900000000000000000e+04,7.900000000000000000e+04,7.900000000000000000e+04,7.900000000000000000e+04,7.900000000000000000e+04,7.900000000000000000e+04,7.900000000000000000e+04,7.900000000000000000e+04,7.900000000000000000e+04,7.900000000000000000e+04,7.900000000000000000e+04,7.900000000000000000e+04,7.900000000000000000e+04,7.900000000000000000e+04,7.900000000000000000e+04,7.900000000000000000e+04,7.900000000000000000e+04,7.900000000000000000e+04,7.900000000000000000e+04,7.900000000000000000e+04,7.900000000000000000e+04,7.900000000000000000e+04,7.900000000000000000e+04,7.900000000000000000e+04,7.900000000000000000e+04,7.900000000000000000e+04,7.900000000000000000e+04,7.900000000000000000e+04,7.900000000000000000e+04,7.900000000000000000e+04,7.900000000000000000e+04,7.900000000000000000e+04,7.900000000000000000e+04,7.900000000000000000e+04,7.900000000000000000e+04,7.900000000000000000e+04,7.900000000000000000e+04,7.900000000000000000e+04,7.900000000000000000e+04,7.900000000000000000e+04,7.900000000000000000e+04,7.900000000000000000e+04,7.900000000000000000e+04,7.900000000000000000e+04,7.900000000000000000e+04,7.900000000000000000e+04,7.900000000000000000e+04,7.900000000000000000e+04,7.900000000000000000e+04,7.900000000000000000e+04,7.900000000000000000e+04,7.900000000000000000e+04,7.900000000000000000e+04,7.900000000000000000e+04,7.900000000000000000e+04,7.900000000000000000e+04,7.900000000000000000e+04,7.900000000000000000e+04,7.900000000000000000e+04,7.900000000000000000e+04,7.900000000000000000e+04,7.900000000000000000e+04,7.900000000000000000e+04,7.900000000000000000e+04,7.900000000000000000e+04,7.900000000000000000e+04,7.900000000000000000e+04,7.900000000000000000e+04,7.900000000000000000e+04,7.900000000000000000e+04,7.900000000000000000e+04,7.900000000000000000e+04,7.900000000000000000e+04,7.900000000000000000e+04,7.900000000000000000e+04,7.900000000000000000e+04,7.900000000000000000e+04,7.877900000000000000e+04
7.900000000000000000e+04,7.900000000000000000e+04,7.900000000000000000e+04,7.900000000000000000e+04,7.900000000000000000e+04,7.900000000000000000e+04,7.900000000000000000e+04,7.900000000000000000e+04,7.900000000000000000e+04,7.900000000000000000e+04,7.900000000000000000e+04,7.900000000000000000e+04,7.900000000000000000e+04,7.900000000000000000e+04,7.900000000000000000e+04,7.900000000000000000e+04,7.900000000000000000e+04,7.900000000000000000e+04,7.900000000000000000e+04,7.900000000000000000e+04,7.900000000000000000e+04,7.900000000000000000e+04,7.900000000000000000e+04,7.900000000000000000e+04,7.900000000000000000e+04,7.900000000000000000e+04,7.900000000000000000e+04,7.900000000000000000e+04,7.900000000000000000e+04,7.900000000000000000e+04,7.900000000000000000e+04,7.900000000000000000e+04,7.900000000000000000e+04,7.900000000000000000e+04,7.900000000000000000e+04,7.900000000000000000e+04,7.900000000000000000e+04,7.900000000000000000e+04,7.900000000000000000e+04,7.900000000000000000e+04,7.900000000000000000e+04,7.900000000000000000e+04,7.900000000000000000e+04,7.900000000000000000e+04,7.900000000000000000e+04,7.900000000000000000e+04,7.900000000000000000e+04,7.900000000000000000e+04,7.900000000000000000e+04,7.900000000000000000e+04,7.900000000000000000e+04,7.900000000000000000e+04,7.900000000000000000e+04,7.900000000000000000e+04,7.900000000000000000e+04,7.900000000000000000e+04,7.900000000000000000e+04,7.900000000000000000e+04,7.900000000000000000e+04,7.900000000000000000e+04,7.900000000000000000e+04,7.900000000000000000e+04,7.900000000000000000e+04,7.900000000000000000e+04,7.900000000000000000e+04,7.900000000000000000e+04,7.900000000000000000e+04,7.900000000000000000e+04,7.900000000000000000e+04,7.900000000000000000e+04,7.900000000000000000e+04,7.900000000000000000e+04,7.900000000000000000e+04,7.900000000000000000e+04,7.900000000000000000e+04,7.900000000000000000e+04,7.900000000000000000e+04,7.900000000000000000e+04,7.900000000000000000e+04,7.900000000000000000e+04,7.900000000000000000e+04,7.900000000000000000e+04,7.900000000000000000e+04,7.900000000000000000e+04,7.900000000000000000e+04,7.900000000000000000e+04,7.900000000000000000e+04,7.900000000000000000e+04,7.900000000000000000e+04,7.900000000000000000e+04,7.900000000000000000e+04,7.900000000000000000e+04,7.900000000000000000e+04,7.900000000000000000e+04,7.900000000000000000e+04,7.900000000000000000e+04,7.900000000000000000e+04,7.900000000000000000e+04,7.900000000000000000e+04,7.900000000000000000e+04,7.900000000000000000e+04
